L_TO_ANGLE,L_TO_ANGLE,L_TO_ANGLE,R_TO_ANGLE,R_TO_ANGLE,R_TO_ANGLE,L_FT_ANGLE,L_FT_ANGLE,L_FT_ANGLE,R_FT_ANGLE,R_FT_ANGLE,R_FT_ANGLE,L_FT_SHADOW_ANGLE,L_FT_SHADOW_ANGLE,L_FT_SHADOW_ANGLE,R_FT_SHADOW_ANGLE,R_FT_SHADOW_ANGLE,R_FT_SHADOW_ANGLE,L_SK_ANGLE,L_SK_ANGLE,L_SK_ANGLE,R_SK_ANGLE,R_SK_ANGLE,R_SK_ANGLE,L_TH_ANGLE,L_TH_ANGLE,L_TH_ANGLE,R_TH_ANGLE,R_TH_ANGLE,R_TH_ANGLE,PELVIS_ANGLE,PELVIS_ANGLE,PELVIS_ANGLE,TRUNK_ANGLE,TRUNK_ANGLE,TRUNK_ANGLE,HEAD_ANGLE,HEAD_ANGLE,HEAD_ANGLE,HEAD_SHADOW_ANGLE,HEAD_SHADOW_ANGLE,HEAD_SHADOW_ANGLE,L_AR_ANGLE,L_AR_ANGLE,L_AR_ANGLE,R_AR_ANGLE,R_AR_ANGLE,R_AR_ANGLE,L_FA_ANGLE,L_FA_ANGLE,L_FA_ANGLE,R_FA_ANGLE,R_FA_ANGLE,R_FA_ANGLE,L_HA_ANGLE,L_HA_ANGLE,L_HA_ANGLE,R_HA_ANGLE,R_HA_ANGLE,R_HA_ANGLE
X,Y,Z,X,Y,Z,X,Y,Z,X,Y,Z,X,Y,Z,X,Y,Z,X,Y,Z,X,Y,Z,X,Y,Z,X,Y,Z,X,Y,Z,X,Y,Z,X,Y,Z,X,Y,Z,X,Y,Z,X,Y,Z,X,Y,Z,X,Y,Z,X,Y,Z,X,Y,Z
-1.67731,-8.020720000000003,13.722090000000003,-1.7795100000000004,1.83218,-49.385850000000005,-0.5566500000000001,-7.748070000000002,13.875820000000003,-1.4110300000000002,1.4025600000000005,-49.39625000000001,-0.5566500000000001,-7.748070000000002,13.875830000000002,-1.4110200000000002,1.4025500000000002,-49.39625000000001,8.828960000000002,-6.72595,-6.813970000000001,-20.850250000000006,12.753710000000002,-33.73720000000001,29.589790000000004,-5.595370000000003,-5.155310000000001,-5.136600000000001,1.71649,-35.717380000000006,-11.160340000000001,-0.13978000000000002,-22.79847000000001,-16.445550000000004,-0.14016000000000003,-13.497140000000002,-16.594160000000002,1.13371,-4.8773,-39.037300000000016,2.9123300000000003,-4.074660000000001,7.209610000000001,8.639900000000004,-43.08324000000001,5.3036,-16.628730000000004,22.045940000000005,113.17506000000002,-43.56683000000001,-85.68736000000001,96.29115000000002,23.148680000000002,97.68658000000002,130.25679000000002,-29.411400000000004,-77.04889000000003,111.75790000000002,11.700340000000004,94.54094000000002
-1.9907326802812204,-7.982576732444904,11.326976465712995,-1.880277867665848,1.5850982034609369,-49.47358239401275,-0.8610191173293134,-7.756832398287461,11.481654730886948,-1.4935256537319523,1.132725098599026,-49.482771383397775,-0.8610187274097092,-7.7568325303300085,11.481654727160544,-1.4935163188102032,1.1327254156781557,-49.482771383397775,8.268024686442192,-6.1297119989896585,-7.604503545876878,-20.706669010626403,12.481116200528282,-34.20873175521791,29.75005487667097,-5.344404943371112,-6.057197765325179,-5.268560724515245,1.7288797203939457,-36.15581223635185,-11.348452019760199,-0.06922284170141094,-23.47608979071303,-16.191703988670785,0.12339537879736281,-13.813267318162186,-16.606917884582312,1.5628806606392287,-4.952799078673632,-39.05696921220145,3.3378026712928195,-3.98041160864029,9.799274894126249,8.079482312599076,-43.105968179405345,7.153567028479852,-17.208079244094804,22.008969361816895,116.7773814180797,-43.39941862948228,-81.51009751883859,99.63681037715455,23.557678032279796,95.71016702593332,133.63419162899896,-28.76835515182887,-73.08395162481918,116.07135465080933,12.080708781911069,92.25568854712944
-1.9501111252325798,-7.914066296686121,11.528000507579838,-1.9214007668538415,1.8695129363584437,-49.64149844860191,-0.7919879399721753,-7.678390389175622,11.685106192227048,-1.4119236044777261,1.2700705319993002,-49.65545952303851,-0.7919789720370727,-7.678390390628256,11.685106137436998,-1.4119224186208035,1.2700694797058287,-49.65545952303851,8.057838351794127,-6.240023020794912,-8.18572935342182,-20.898475324915974,12.493923437971235,-33.41913084051619,29.54255386780492,-5.3688195796333,-6.668406011627947,-5.416900247585736,1.568075479130791,-35.28710607267825,-11.060849882977204,0.10388891710340382,-23.51751652058762,-15.977378951997734,0.31665186993312705,-14.141532592101548,-16.273736920907915,1.3664303718934023,-4.972647666582004,-38.718991880071925,3.1638183045154333,-4.073911813338171,11.852470860236652,7.9373985392746915,-43.34490611817213,8.815910397389432,-17.6888305870964,22.6341681496382,120.12521202694658,-43.48813534873848,-77.28350454460491,101.71323584780373,24.381304643969166,95.5084107157027,133.1509475411969,-27.903103425522843,-71.13537606693761,118.03070932496442,10.611070587217538,92.45510910149383
-1.3997470392132765,-8.329679166080453,12.3877173218173,-2.214679760893273,1.90581956930501,-49.293076121828825,-0.24193435310760314,-8.076236797879492,12.55291552124721,-1.701831208202413,1.3097942881081046,-49.30746751784949,-0.24192588182188485,-8.076236797817401,12.552917307628114,-1.7018229073426931,1.3097930118607293,-49.30746751784949,7.954167915499076,-6.244157295037376,-7.632552490312436,-21.380592037315964,12.377754537087995,-33.102486401134215,29.29760645075988,-5.678500891197461,-5.965739821877947,-5.230463635485627,1.6318153779133115,-35.12187084118203,-11.218455964706465,0.4209102704752077,-23.561895029324347,-15.724843697096006,0.41120803668278216,-13.86861102075647,-16.072184667079704,1.063548242394196,-5.252211602972745,-38.50327145984863,2.9905504134704746,-4.448406581502798,13.062572163091847,7.833196616563313,-43.29986500459545,10.252150106942327,-18.379688448602128,22.59599359286748,122.0334178342581,-43.358904806869155,-75.77647836254262,103.28524768630675,24.49024073575013,96.18137280488236,135.17691845403866,-28.325787203355848,-69.43208414022173,118.67049922547216,13.501319867694924,92.5862571721142
-0.5100272733440357,-7.230318105439114,12.580904877009589,-1.9374748475799062,1.6320423523863008,-49.437173233014114,0.07200156383425067,-7.101052145259261,12.653498447604745,-1.7202417389944311,1.3783190225458166,-49.44287523683528,0.07200975463309317,-7.101052128398533,12.653498453681761,-1.7202391058863562,1.3783075507408007,-49.44287523683528,8.106763683398318,-6.227249318491747,-8.520499335654122,-21.440885163685127,12.358013170281463,-33.28659273079863,28.649960924616902,-6.0524132629286544,-6.822165091104233,-5.631595773101828,1.550305243507228,-35.21610632964402,-11.572104417140858,0.677210722380877,-23.23708431272771,-15.513841528278855,0.5083869610200938,-13.82260358187186,-15.598926218265893,0.9336542339522099,-4.976394698419029,-38.035537697445065,2.7652452492815254,-4.24281104789391,13.666633236437011,7.709130427468005,-43.45265414272418,11.261311649825458,-18.232267721470752,22.75818818889813,123.31021514997043,-43.40642502650981,-76.20635872707079,104.81416522186399,24.76285176298031,99.89717879524017,134.59718765879106,-28.951094265323093,-70.75394603966998,118.82886597675032,13.208053584297055,96.64586791883711
-0.53220008253618,-7.793984102222721,12.756369363846197,-1.9156569063390507,1.581659355167784,-49.22806068411952,0.4814481288372198,-7.5652909144428016,12.891851035383336,-1.6038658616966424,1.2201609396065163,-49.235673904753156,0.481447852504755,-7.565283819456187,12.891849725902254,-1.6038654760269635,1.2201539808324842,-49.235673904753156,7.986566000173162,-6.1482470592431895,-7.952669185408654,-21.379749043992582,12.251184567318338,-33.90211010566464,28.29322114627819,-6.271681242212391,-6.154064508290779,-6.129701844723481,1.5820441090911586,-35.7494832619244,-11.788382092081928,0.9289017904867998,-22.985613307541573,-15.512045724883142,0.6445496931254708,-13.921223268695528,-15.638127620866047,1.2359436252922886,-5.052094333280472,-38.07848122711515,3.0735411281542913,-4.197316980241979,14.407144719835374,7.617059512002175,-43.77258940105786,11.995112108109256,-18.46057596622771,23.099753597600046,124.48977505519474,-43.643493124087456,-75.30909370651926,105.15450992341171,25.04861833020032,101.13583910400436,135.0359550249343,-29.574775566524476,-70.14146621042501,120.88620383071226,12.600844561524877,97.6514558363833
-0.4222529748905528,-8.123973993802476,12.69893125827907,-2.219134626560231,1.6621027224140177,-48.951903582563055,0.480780041412546,-7.921424628489611,12.824989338773472,-1.8480605984455467,1.2360215593752377,-48.96127718350352,0.48078586608149726,-7.9214244389659605,12.824989597668083,-1.8480551358548996,1.2360172963526892,-48.96127718350352,7.483642133374436,-6.196205619836441,-8.474430328511623,-21.359108453091952,12.149521086434838,-33.993404439909,28.588420797595298,-6.223609557169995,-6.674019772265863,-6.318593867626712,1.6180507695063808,-35.808970420686386,-11.961548200422769,0.648627700738663,-23.002106761623022,-15.820005563175481,0.6740182454312103,-14.09027115837704,-15.57490260012841,1.3851119350418635,-5.259159450933473,-38.01252086772643,3.290423482414419,-4.331932760520689,14.253152371260942,7.55040120176094,-44.13283731492217,11.714806720675,-18.77101533394487,23.40112691514155,124.2194781286988,-43.98234568519177,-76.49916720280648,104.87377791730403,25.412206401073952,101.02453403139052,135.86291690414978,-27.595525141373134,-71.18474250997033,120.10869754144339,13.38409032813186,97.45009672764891
-0.527432063414373,-8.739773317662657,12.529739708313675,-1.6646480766623293,2.696886133100065,-49.35503026656639,0.37416066654861996,-8.540567993136241,12.665168754656433,-1.1696566495127163,2.1205908285518835,-49.37582854011925,0.3741600290831205,-8.540567992014608,12.66516875618766,-1.1696564446729116,2.12058330914914,-49.37582854011925,7.119403537080438,-6.2105127609656074,-8.347039098252855,-21.54582036513427,12.061343264635822,-33.9940804902779,28.864303183390664,-5.985163299414363,-6.58923819467387,-6.26276052335524,1.6353897528126105,-35.868063663178646,-12.146124391712698,0.6398416763695401,-23.409399400428644,-16.20912308231467,0.8926655168765969,-14.178131793277181,-15.73017710116655,1.3318050552316252,-5.330411435605419,-38.164544996984105,3.2683448741897796,-4.4182624831272035,14.457272011079201,7.756109528054109,-44.919705259582685,11.616964305661584,-19.3707043185682,23.454096220731433,124.49087625626287,-44.77425905224474,-75.62508074296501,104.6373193816174,25.542619330218752,99.19506223010586,133.9514597655609,-27.27147390164272,-71.58089748797249,119.53330158373556,14.136220005327647,95.53193358832506
0.6092311595602523,-7.247005247804657,12.7683811958483,-1.6737852384452885,2.2409652835252225,-49.28061708645188,0.44308591875875286,-7.284326063495472,12.747353565335553,-1.3260291074290542,1.837110801702971,-49.29299361533334,0.44308892671478123,-7.284326063358897,12.747353565344287,-1.3260303985502975,1.8371067007271211,-49.29299361533334,6.627593273720478,-6.37294110201441,-7.527502973005927,-21.6070641633257,12.02318649072341,-34.223149253320756,29.143957204116063,-6.104620410946527,-5.610388777416652,-6.5772899677092225,1.612895719080695,-36.04689454585292,-12.419870131641721,0.5479088021071008,-23.347111198102017,-16.791502144424424,1.0143579394668794,-14.376658174300067,-14.980907783062118,1.6318347391122556,-5.24667003657114,-37.42447774663331,3.5136978516652344,-4.226029582087244,13.671287771215596,7.934506674121331,-44.95239679729354,11.712267282004781,-19.537399503663735,24.107055118324773,123.29110812974857,-44.89533317795363,-77.80344802981206,103.66025380149027,25.948762003121658,97.74332002233827,133.90832234381756,-27.512637831844433,-73.09465010971755,121.14148136928043,14.888172635699446,93.27386097609296
0.31517537040820076,-7.670674527362045,12.774616462392634,-2.2101739352894176,1.944507951459123,-49.5892687518517,0.31526110825762355,-7.670647743389669,12.774606752069344,-1.8108523886392336,1.4755919701492457,-49.60117898355783,0.315273803576699,-7.670647719793987,12.774606752069394,-1.8108472919247276,1.475594240699559,-49.60117898355783,5.802852928854393,-6.342020565649823,-7.790574044507646,-21.725165677635953,12.154351041621382,-34.956343246216626,29.57429950089569,-6.367008256207722,-5.701389568082896,-6.783701220798434,1.3750527543965079,-36.736260727366385,-12.826886014210428,0.7185842160982808,-23.502543954955076,-17.38252670597996,1.4853108837636455,-14.741395722969942,-15.216971719144928,1.6558178501709218,-5.297225452708688,-37.65967137634994,3.5551576674151066,-4.263650830345931,14.147512060539746,8.500249619822496,-45.42595183282296,11.347939386748667,-20.542863171405692,24.12578632800795,122.47026115581295,-45.60088441527133,-78.97861677004694,102.82332084657293,26.000983033653895,98.39776155347127,135.55673284021915,-26.75261644237048,-73.1972902749856,119.16598962766511,17.2105497395088,93.61117925143371
0.8531380601725631,-7.240450378956215,13.038574104565466,-2.760187929206381,0.9542877831802166,-49.17766343029426,0.45683588780667883,-7.3313042554526,12.988322973888518,-2.491484682169459,0.6432418455119925,-49.1814085407052,0.4568333704798446,-7.331299419927862,12.988322973888522,-2.491480996403832,0.6432375484100097,-49.1814085407052,4.748965971730735,-6.561933194280228,-8.455003917848574,-21.943130849714198,12.297931780186273,-34.59880572241621,30.016189986066266,-6.388011789257303,-6.320704336871945,-7.116264821331724,1.2360052934828925,-36.29709962795391,-12.9101192685423,0.8002741615439545,-23.54952462886146,-17.84957984185584,1.6141673597453563,-14.609277767529951,-15.05972083514036,1.7913679504204887,-5.165946473995921,-37.509327675742846,3.630334611185438,-4.090271786115657,13.896515475466506,9.003064985938646,-45.38549573079304,11.233327773238656,-21.61821289891318,24.351098188998115,121.32328993694105,-45.74985960854407,-77.67922000881558,101.96131733793206,26.186496524416565,96.98783288975179,133.54345607734038,-30.281764563804767,-71.52523777769187,118.38026491721169,18.16911837701132,91.89201788472792
0.8819691284723266,-6.759418614511622,12.645334479393902,-1.6280817429090326,1.495991946887159,-49.65059846177412,0.49936028507167457,-6.844499374215442,12.60002411877054,-1.6329878975030765,1.501762253973365,-49.65047656067532,0.4993646201380568,-6.844499471964252,12.600024118771037,-1.6329761700194485,1.501756578298093,-49.65047656067532,3.7480704424998064,-6.657131650196253,-8.03350454351375,-21.896823902727828,11.943324258389566,-35.606269370548546,30.336267932484958,-6.433822106193126,-5.75055345744074,-8.094335867356568,1.374106886231234,-37.17211981673124,-13.520240719484594,0.9696191023430455,-23.28373637519389,-18.559952555634005,1.8627272124835583,-14.283599723395282,-15.038234223453692,1.1823190945804758,-4.607455692176761,-37.48941575445461,2.8542440376483342,-3.8064229901733526,14.311043192257793,9.78895462049965,-45.03960212375898,12.945765678153162,-22.07433731483405,26.442718057034394,120.21124769166738,-45.69324467996509,-79.89497687080721,101.83586978106483,27.868679397815516,100.52497221590937,134.46507945466038,-30.56770663109761,-72.5201837669036,116.64648994044823,17.253391281571112,96.0950923343646
0.7425604009197008,-7.558564843641174,12.510106882600647,-2.114308284067857,2.0693673716683527,-49.90304898910087,0.36528957330789247,-7.641349790641232,12.46010301503521,-1.4667819195997964,1.30040786234156,-49.92209864857384,0.3652981172073275,-7.641349791125895,12.460103015115186,-1.466782784387147,1.3003966281147974,-49.92209864857384,2.5374454321759177,-6.61922358418539,-8.034413270739776,-22.19897880326864,11.688263135580328,-36.724025270714925,30.481408648233376,-6.6171211656630735,-5.572098202782223,-8.876811330479745,1.4251503395714464,-38.252023009220736,-13.7785506215466,1.4734483746166092,-23.486771584131922,-19.323374159158952,1.9616691185551955,-14.206022592316993,-14.784410560149814,0.8650011370284268,-4.283033880563568,-37.23805468476148,2.4370951592862435,-3.627624694699757,15.201363159704687,10.754656445044652,-43.47064208794952,15.601933437424854,-22.656013976510728,28.54714000232903,118.65493333710967,-44.49974842096293,-79.99903286943739,101.16064627244846,29.04706249666141,101.46238612428532,134.01325833489136,-32.62248486441159,-71.43381233639363,115.88364495091564,18.22910772501779,96.81988437721192
2.0969120835332005,-6.201512683319309,13.003672114357489,-2.675261699602376,1.7960378025907375,-49.793280778777195,-0.1700241559729426,-6.716460306806774,12.74868105348408,-2.0674048754918575,1.076930661796999,-49.808533363172465,-0.1700228265962056,-6.716460306809146,12.748681065732587,-2.067402731240731,1.0769302228429678,-49.808533363172465,1.1415907247815031,-6.790213499003963,-9.452060897436931,-22.217816160382103,11.420506518008317,-36.72205385543731,30.61878458550944,-6.950665753075812,-6.906941991645979,-9.97412003492237,1.5143953335275404,-38.04997630600518,-14.21484173198647,2.130824098234281,-23.705509865923826,-19.807617368053194,2.2585513143317,-14.29828133507972,-14.878085382530461,0.9871464293641407,-3.5842918511188504,-37.34896552197821,2.2830440401477836,-2.9347313971205007,16.753873937572227,12.338340278053963,-42.087791047997,19.601223358903585,-23.027329499444974,31.40634544005058,118.42140548718633,-43.52353205603936,-83.4229997405297,100.90457251955925,30.618515883278032,102.48578341202946,130.13938733911692,-31.390743573449736,-77.27483295577031,115.82225128327394,18.512965021288682,97.67209779993873
1.055160612870719,-5.156637972856979,12.835407212608647,-3.3002818822197053,1.9333423437126673,-50.19109623819311,0.2343858636333759,-5.34229490369549,12.760326081737942,-2.8957142970602328,1.4479990032868975,-50.203035051859,0.23438544644849874,-5.342294903707826,12.760327868146133,-2.89570474757341,1.447998729794426,-50.203035051859,-0.46215876431307545,-7.050623450839278,-8.67147629793092,-22.686361297375235,10.955232426751486,-38.144790088204495,30.239184470714132,-7.154786489621029,-5.818248815976338,-11.280001185652077,1.700052313148302,-39.39903068093099,-14.41483265535699,2.926406657718847,-23.62853814594245,-20.20482082068857,2.0427127780542333,-13.630623169693107,-14.344841722566349,0.9098180271632389,-2.708815278656877,-36.829531241323,1.8769021711448497,-2.154924927323444,19.26154930534253,14.606818561988042,-39.94002205925213,23.697365939320914,-23.54671798241126,35.25748811153096,117.73873659174396,-41.80275596584379,-86.436855471773,99.72964359860597,32.7382232687557,107.26543634983673,134.31985333354356,-30.92722785429053,-77.6280219646184,119.13952256891223,21.479632637701826,100.20088576894055
0.49297328866057893,-4.814310829747172,11.796694622840425,-3.7024548002286157,1.9687390143399084,-50.75317002806491,0.11597193040250753,-4.89264530634133,11.764786472628822,-3.6596174110056126,1.9163240409723938,-50.7546287557847,0.11597144941212043,-4.892645307864369,11.764786417870292,-3.6596076759961593,1.9163141177980125,-50.7546287557847,-2.372175291028599,-7.04996533726139,-9.660419599801047,-23.9827550295014,10.909067085594842,-38.81441205939815,29.78070838348874,-7.42994850872278,-6.713033636249209,-11.935905673509222,1.2907139365940774,-40.136165099072784,-14.47002607051489,3.962309550280589,-23.746935503838273,-20.421334286997666,2.0791342484631676,-13.117070137585301,-14.4641001119453,0.7467874854840011,-2.203077678463162,-36.95353049446571,1.532857132899551,-1.7498713987667072,21.68348897856985,17.439595397793337,-37.9131154558037,27.574283510975928,-25.261922923790333,39.65094273065867,116.88160164857706,-40.077700162305696,-97.43882951040702,98.20713234299426,35.31278689989346,113.69650791460795,135.9153074813945,-32.79788967299364,-87.07856923062867,116.03775244842052,24.15685262957922,106.25067442126164
3.7418613768577615,-4.117365979763487,11.845362444508622,-7.270155466814941,3.269012723972029,-50.000005396596734,-0.9307620042300887,-5.07890023853101,11.470499815889003,-8.121826826932642,4.280833315246085,-49.943916151222766,-0.9307625779092421,-5.078900376946005,11.470499815017648,-8.121826448505432,4.280823435626443,-49.943916151222766,-4.590893993659234,-7.005781894896298,-10.047879922629937,-27.636289049673234,12.011231509320556,-36.068095530855565,28.98427866618098,-7.541681097937662,-7.025043293675428,-11.081123271677532,-0.12465245478772786,-37.85244979753138,-14.59425843022685,4.481637246805704,-23.30860739720142,-19.943330320745293,1.8440362311146825,-12.362889256048309,-13.909585343947041,0.383435803520341,-2.1396778681002266,-36.39648458696104,1.1728893136459126,-1.830292161456097,22.4786581471328,22.16848304965419,-33.829639732009596,30.690616193401766,-27.61452755866453,43.195057310468144,114.95457860589774,-36.52679525061336,-100.5224918392557,94.11443145525682,35.51353026715704,119.23156990302232,130.86267763807604,-31.602660074068712,-92.26169296813396,112.13750127572612,27.70971317219703,110.9752335800597
2.3858299999999995,-6.758530000000001,12.23116,-15.595999999999998,6.591909999999999,-47.70833999999999,-1.1005699999999998,-7.49502,11.798479999999998,-18.011550000000003,9.20748,-47.37621,-1.1005599999999998,-7.4950199999999985,11.79848,-18.01154,9.207470000000002,-47.37621,-7.02738,-6.814779999999999,-9.75399,-34.25508000000001,12.94594,-30.35041999999999,27.621789999999997,-7.68624,-6.52047,-7.34838,-2.40516,-33.27489,-13.481779999999997,3.9792300000000003,-21.694100000000002,-18.49344,1.0481600000000002,-10.659399999999998,-13.859550000000002,-0.44503000000000004,-2.23419,-36.340709999999994,0.44353999999999993,-2.2344800000000005,21.037959999999995,28.64466,-29.345019999999998,32.46428999999999,-32.18127,46.72327,112.42281,-33.16855,-107.71624999999999,88.79874,34.81719,126.97393,132.10844,-26.571369999999995,-99.20689000000002,106.86998000000001,29.82072,118.36553999999998
3.6256454281859183,-6.03378006116199,13.071973440270579,-36.83352628115417,15.293424042451852,-41.41099428371906,-2.0062892581130107,-7.300052324084233,12.41755966719004,-36.347156801818514,14.878274628130292,-41.537600465730854,-2.0062891546155766,-7.30005221068549,12.417559536971616,-36.347146774042635,14.878274150610693,-41.537600465730854,-8.494362852094387,-7.557893244657795,-7.713320367834546,-43.11214780092908,14.109576398812287,-22.94839517337693,25.77455880759814,-7.015107405690295,-4.530327456061018,0.5983269501618,-5.515280135577762,-27.252660268828073,-13.195362682512368,2.408926293953954,-18.12937973104434,-17.344405592017296,0.2779025319929242,-8.927535230389616,-13.42373839219204,-0.8450629682400606,-1.861653597647987,-35.90971574892093,-0.068542561904769,-2.0432669495242557,19.736013721197068,33.510346431976764,-23.835713189456026,33.881163483241906,-37.646937121518846,50.098619893832975,109.75927740454334,-27.932642537064815,-116.85796706521529,82.86449660933538,32.34943905406366,136.79030335261507,133.67503377365682,-25.585967049515666,-107.67038402672588,100.57533317022859,30.119048221345572,128.56072154307248
6.49660888829062,-5.367791845766373,14.037477238021816,-50.148781414459215,18.899375046582904,-31.661156623397538,-2.824089590854993,-7.597960911607142,12.982591655780501,-45.05571508564275,15.809300431913375,-33.18177209795607,-2.824079936847306,-7.597961207070339,12.982601369769116,-45.055716208168974,15.809299307427183,-33.18177209795607,-9.997617850501916,-8.653270357919302,-5.404276920958033,-51.86545229081559,14.256317606580339,-15.34237795413575,24.326820764624266,-5.6122109681632475,-2.683761581184381,12.518948496798272,-7.82462479210373,-20.085684707875053,-12.216801177235586,-1.0389810666621246,-14.63196227335763,-16.318255499606757,-0.4724655241576621,-7.711412631512017,-12.93652665625314,-0.5634150012862944,-2.142119542457899,-35.418747317898955,0.2989466824049752,-2.194681359386022,18.860165459623854,37.68065227162076,-20.82097461608256,34.19344095943026,-43.36304159462522,52.81182730423055,108.04554048297418,-25.14203451803255,-122.97645422814323,76.47850409956013,27.501811592712464,143.89398043828578,131.99202605300732,-22.022412618703108,-115.38888397886552,92.73745708657931,29.586102621897187,136.99411689989722
7.059846094818967,-4.444735954531362,14.830044454550372,-49.33820896557272,15.78006214683545,-27.167533903945476,-3.6049714411819345,-7.155118223410017,13.748663285334004,-45.788778116686906,13.984318005494861,-28.079487423119588,-3.6049699597060965,-7.155118226180034,13.748663252012195,-45.788767625307386,13.984318000264075,-28.079487423119588,-10.715277042213081,-9.50880042025608,-1.0438988345888327,-56.517794153578045,13.64755529524022,-10.562860534843775,23.030909516730425,-4.952377033694203,2.049799687848314,27.24415932775899,-9.510030170858256,-12.750326240007887,-10.730802953111494,-4.193378879185291,-10.396869384452309,-15.735675491630474,-0.4256561916515011,-5.869122633448834,-13.235920498783427,-1.0707134004627599,-2.0718549594381965,-35.71902528355291,-0.19665706635285352,-2.3237654343965404,19.418665140091143,40.033099194332635,-19.634174879009066,35.80858318054393,-46.52478930999962,55.47732195549657,106.68095735653067,-23.04812670497924,-128.70035384642708,71.99037956918654,21.564343456919076,147.08283672524772,130.75930776298608,-22.018969186480547,-121.49102039747063,85.53257947491709,25.25747680247859,142.3964109475962
12.596856010540424,-2.2703154877498974,16.927138563337586,-42.682517095487626,9.73803966543107,-22.259752590558634,-5.233736189810233,-7.463268115485199,15.400385372015872,-42.00341521991028,9.463276788946764,-22.372928218713742,-5.233735570199327,-7.463268201902903,15.40038537178015,-42.00340436438448,9.463277642645089,-22.372928218713742,-12.128278394560962,-9.68665020661256,1.9452469248814954,-56.99473807619262,11.722014413752195,-9.074582871811824,22.44619420151565,-4.581337968147559,5.506096836321545,43.856629522995824,-9.68511763718698,-2.7785825328382043,-8.793611662184672,-6.748083141385003,-5.275841664927419,-15.737699253191947,-0.6352792650398827,-4.901047504306513,-13.6993022871898,-0.7112754244686383,-1.502572917168175,-36.18965185504545,-0.08225994214139708,-1.6603541474689325,20.88384488910545,42.10216300423263,-19.600695511646936,39.414632647928975,-47.34903643715555,60.74118717412496,106.10506747129492,-21.942093055923976,-132.40173430622718,67.84255274302338,16.670305766183674,157.0209613078485,128.64216926442168,-24.318675740928477,-125.18209702741962,85.26767284882264,20.80507929396141,152.62832917725783
12.378968771163501,-2.633851456252355,16.707231495447203,-31.011584098470525,7.33591548989407,-18.71062245525713,-5.5301843046815735,-7.754370236721587,15.071163087092124,-32.32431916783839,7.774204603241707,-18.53812296073448,-5.530172126722701,-7.754367066403924,15.071163087090586,-32.32431726403608,7.77419686470988,-18.53812296073448,-13.315853948630155,-9.685542244568316,3.277494841172158,-50.153196622337006,8.674599571083816,-8.541164883562892,20.644297070170364,-3.7047601551316625,6.435819016879351,62.47885082341766,-7.933759282717534,2.9638746362423403,-6.201513464657839,-10.414713963188408,-2.2085676701981574,-16.16546559620415,-0.8222709472870438,-4.274018047857417,-13.337985564054492,-0.46919777716658406,-2.338097159817509,-35.81747936308675,0.4609353246987313,-2.33973547375699,21.859598973074373,44.29027857090153,-20.3238878119719,42.98910695819974,-47.14773079049004,64.03498457029261,105.49014238077517,-22.09852310442363,-134.93644987426268,66.41063884531908,11.944252921589383,163.80994342814176,129.7582771860647,-24.48060527473663,-127.32997659449701,75.56266372723667,19.010666919423297,161.88595379972153
13.577804134973913,-2.2406777984817343,17.555249874135317,-17.815574587421672,4.444924796615559,-14.007348501802593,-5.105435283681846,-7.884398851236591,15.889928167853446,-18.80410008332717,4.690064641643804,-13.928653594302155,-5.105424566879304,-7.884394787069196,15.889928167853434,-18.804100881393374,4.69005424740336,-13.928653594302158,-15.000853155293804,-10.04354456192597,4.341435053525665,-39.48537403917357,4.183787978595327,-4.13172514022347,18.4382219675351,-2.3770150497170417,6.757817428624539,80.42269184516715,-4.307390124730292,0.7849442612834568,-1.3184766976622366,-14.799822499011208,1.705927699043706,-16.460660077504418,-1.0863326203307135,-3.1688494684749484,-13.571643995230348,-0.9613826658892846,-3.69071019208999,-36.02190972830524,0.5229477102348857,-3.7777220393816093,23.46199363847549,45.87054063326135,-21.09854185756826,46.75108259850729,-46.045809529794006,68.09566136162513,106.30619231372454,-22.85105142854166,-139.21417470346435,65.07974750039746,8.15871768204058,168.78020203406393,127.58813295155963,-22.982567655770374,-132.55238420718908,69.64752450107744,16.709172165016835,168.95919077104685
14.174789190998471,-1.8605052277084204,17.186078345064672,-0.8611764259591337,2.7369206928955285,-11.3660412885184,-6.305908114864357,-7.896739845195372,15.423331260143803,-1.4929982094277088,2.8636764306838804,-11.33579129905414,-6.3059044369570705,-7.896739823784824,15.423331260143803,-1.4929884381193408,2.863677559479233,-11.335791299054645,-17.39353492824166,-10.123372412177753,5.493157299402417,-24.66979200375112,1.2574458912491113,-3.458934131944421,16.759482128425816,-1.931899976672261,7.9340291854213385,98.2052144480793,-1.3943213879179062,4.202993784625074,5.179628766189525,-17.16329064165517,6.128709298887771,-16.69071754721363,-1.3020168088865647,-1.5559187169003939,-13.29651971399819,-1.2011590644170778,-3.531903000596904,-35.75013486770539,0.24071170380288048,-3.722560969271363,24.2567567477403,47.53651568601802,-20.662476019340897,49.03568794258713,-46.18880377025849,70.75511163258435,106.29142199349863,-21.890258391871296,-140.5468824155933,64.51528766164085,5.700772691864727,-37.9581346287923,125.91722628451926,-24.734119818072728,-134.1477643887339,68.51480535378384,17.065100552150742,217.64173588148617
17.014271746858327,-0.6666415373486421,17.65138676530687,13.355335152602072,1.5552465464200138,-10.167495185454658,-7.436778777407064,-8.099470665952694,15.750004421156136,17.443133530915095,0.8190282435568467,-10.252279524697785,-7.436774032869663,-8.09947067081843,15.750004421156184,17.443132727941503,0.8190292263106445,-10.252279524792904,-20.18458549478298,-10.462238990501538,7.4656794838823695,-6.494260730454794,-0.43494958680012724,-1.7787801741046054,14.638499138930207,-1.0822690227327623,9.837381711503724,114.22009640340966,2.0585492701005115,6.935982133671578,11.522844306907892,-19.514488491972482,9.89709896722507,-16.759220661140205,-1.8420790321705938,-0.08008638057019003,-12.794997535985644,-1.4775805062409528,-3.5961081699267523,-35.246768342925144,0.009757391103903928,-3.8874448712470833,23.43295635701217,49.07631521230933,-19.65978578987399,52.34462066441953,-46.3279540828604,74.64276784589573,105.78062770212792,-21.151313833080472,-143.57488547285055,64.2767552981286,3.7358546754369,-174.03696163325057,127.583524512718,-21.209400875497558,-137.42370537959624,66.73819491492974,15.11940795159691,-177.27385146733468
18.220256792074792,0.05244244452307783,18.41836506359802,40.19239623104821,0.12166227752460988,-9.526471439562458,-8.681103055484925,-8.52274386983186,16.3888432804209,37.10107417950657,0.6400555968973449,-9.505857819182445,-8.681103104635211,-8.52274477390906,16.388843280429633,37.10107828395103,0.6400552433241676,-9.505857836423065,-23.19467458730565,-10.657863592068956,7.453332386344065,13.372139121782215,-1.2775833652245825,1.1121341646868736,12.262709015003614,0.05667413900357404,9.083268662051175,127.33332684553,5.867996770583313,10.317652593194717,14.827283264713913,-20.573546123317676,10.831443634546421,-17.445598404634826,-2.514751663303947,0.5927296538609352,-12.705713584613264,-1.4894316379081212,-3.8449727911156995,-35.150820719739414,0.09379843756986747,-4.121905914887745,21.12121752418867,50.28024584374769,-16.98926953616713,54.97605144100712,-47.01541875834714,78.09120322181369,105.45284468793172,-19.63027938567832,-145.54591716940075,64.04793875666506,2.1207335819003497,-169.9336348032439,127.49325256635538,-20.88734313125079,-139.71767591956183,64.69801782689038,12.45592204723738,-169.81743240203787
16.751346078605636,1.0984761369115117,20.89853886938927,62.191661063604265,4.047200524087663,-5.950756993537585,-9.530724165318972,-8.637979452260232,19.13344275113306,51.051010677943346,5.12106972185051,-5.057928706826234,-9.53071311503928,-8.637981535638351,19.133442752664287,51.05101738581124,5.121069719961576,-5.057932428029375,-26.956000998082086,-11.78858938402065,7.793608271431289,30.447615898408973,0.4176071254939574,3.887350928712688,9.847063423042405,0.6166987597933522,9.224718250522317,137.8223503045798,7.724165365999251,11.575448211720408,17.381691120738843,-19.191828932045343,12.31779891143559,-16.578078359912276,-3.302953760505064,2.2873645719823643,-12.119219423432158,-1.055005804337612,-4.664450911858511,-34.541475708353865,0.8079860374139484,-4.7134136339221415,14.698335466756056,50.827084622483035,-10.654762797670482,57.49211235467183,-49.249305121108335,82.56141736565402,104.74696872130984,-16.640183540065713,-147.94885571918925,63.333075384772634,2.3272365945097557,-164.38703044341958,127.44626440360116,-19.260005700908987,-142.9631122668612,64.86444267061646,9.445320831490777,-164.3579346768117
16.97062684358183,3.13090695553377,25.45856066268839,80.79362486407527,3.9679660543289366,-4.845165842154339,-11.652918564942446,-10.226077005507086,23.63741342559834,62.24117682122868,5.302312220331914,-3.332980650588123,-11.652912809093019,-10.226072669631463,23.63741368449232,62.241180083941344,5.302312220226356,-3.3329799514098233,-30.574225344946885,-13.515579439998975,10.456590635796143,44.447889458047015,3.129817020050591,7.805217679973519,8.411227878065906,0.9843793524362972,12.621633990343987,140.19394816082857,8.807745305072208,10.783818465344899,19.58021861135555,-19.28124255227059,14.51607421641798,-14.42127020050102,-4.1999642575702,3.774336969739404,-12.6643037985496,-1.2245447618347016,-5.277462698137807,-35.065041662341365,0.8849310193230471,-5.344722134307571,9.831709856546562,50.48544087730181,-4.965919241254598,59.2962144633208,-51.329201995635366,85.82356118799632,104.30636405054345,-12.98364393553521,-142.58303202724704,62.626325138432605,1.3291350787152219,-167.90385748761523,126.06549015815276,-13.97404945742794,-139.44078800083287,66.79718928329311,8.700861874876704,-167.95775807535873
16.47623478641352,4.163422489240994,28.168413930563347,97.77076268137796,5.579905907915996,-7.833875296939335,-14.641394945842071,-12.14185015832566,25.92631494583649,71.1495226564047,8.487911297175645,-4.510833843710367,-14.641394562577227,-12.141841845958384,25.926313636254005,71.14952901946258,8.487911281660136,-4.510834191554499,-34.029458953751806,-15.393217124632686,13.463255963653921,58.10538080478008,5.547339457876752,8.146363387187902,7.657447512680751,1.6406000522447386,16.62253582184799,133.84706821118974,6.633656734033699,6.910036123799676,21.507834188433723,-17.750180622449875,18.08880922534179,-11.540994470580468,-4.464116793902299,6.754378235219106,-12.421633518740666,-1.6689889850328523,-5.842255924221687,-34.79861918618518,0.6890493299511696,-6.036117475459853,6.413462973110531,48.7906089373251,-0.8457810404391859,59.40653915271382,-54.71462972531826,85.48076996095158,103.67023870756994,-9.459107206269653,-139.78486407500847,63.045880537838634,-1.0245994349733265,-171.84636016852562,122.62552632936567,-9.587692799075061,-138.16156217482128,70.3469165727847,7.606729940903687,-171.72831384067857
17.685290371309375,3.182130420079533,27.90492479166711,97.04365975170444,22.267683941559596,-12.961116685478038,-17.374153287599874,-14.52988868295064,24.284437226971352,88.7793625889541,23.799391059644396,-9.724668220924572,-17.374151245480906,-14.529888651387694,24.284437217517887,88.77937312721599,23.799388553226326,-9.724667552438817,-36.32709510696021,-17.385110758414637,15.537669150294342,63.69462610078589,3.64803512812458,7.666519661065172,5.749233925640457,3.4915881842865937,17.787613048849074,123.75507926284979,4.702975036212548,7.032858731855104,23.007506413283597,-15.886834141630743,22.539850696606585,-7.4631617445613365,-5.34402023755816,10.010935108705992,-10.510207766272435,-2.093457028578763,-4.550337952078095,-32.934058397809835,-0.1954576738502225,-5.004081793875525,5.793579781203344,47.24915292739279,1.3326184371029404,56.67261555540182,-60.09879658551737,81.3916489128228,104.31665009817726,-7.202144506863912,-137.11634028602825,63.94595013300396,-2.7648840515102555,-170.75269035980318,122.38597045733819,-7.7363598619627565,-136.16961760380704,65.71481608296531,5.576598473425261,-170.5673852676494
18.88861768368547,2.9959378935379166,30.434956800606265,76.23647727745436,29.94634752698053,-1.2315507464720434,-17.730625217660833,-17.167189475986163,25.686910129643813,79.77509994098529,29.82835051190212,-2.993885200558397,-17.730626029048715,-17.16718815358856,25.68690966567561,79.77510893297362,29.828350584296928,-2.993896642013703,-36.84950591466131,-19.70739102562569,21.70114805002473,63.916264731087246,5.645256408505745,5.181560188249272,2.787823511763387,5.111538765593167,24.165532939293723,119.57234942014267,4.012361540211078,3.2842196213470363,23.846887550657968,-11.89178550603374,26.188272739977688,-3.101740840563248,-6.7092709608306444,12.435805509374017,-8.405075897181167,-3.9330116217983875,-3.781981117992077,-30.869173390318636,-2.18859443156273,-4.997170498181813,4.438134621199405,44.895547320074634,6.102718223984223,57.146104102894355,-65.77801997311354,81.88026238011537,107.04308971835184,-4.0128398892413415,-133.48980373744246,64.42988283069246,-3.0190814025358734,-163.98186416652578,125.2779051006329,-2.9267834803117543,-133.84620287078764,64.83269430332781,6.526229510261385,-163.74546317947156
18.333073420039018,1.484273268611772,31.670133628826118,98.85948263621398,21.09006376624119,-11.635748889395906,-16.499969547272677,-18.32541573678405,26.330300055737577,83.42324833436041,23.284605517524476,-5.776114952775161,-16.499968748172385,-18.32541560801428,26.330300260069777,83.42324867647696,23.284605438202686,-5.776114992914828,-36.440707772417646,-21.76078627628744,25.11242212330917,68.35029263461138,4.790172416427305,8.489409879069855,2.6185025352869977,5.973461039156361,27.91113820278956,114.15034349213794,7.009188061432239,4.944104074128021,23.251809139461994,-7.956888152953083,30.464911710227856,-1.586721562706788,-8.192875588255415,14.523027743075838,-5.009315296283492,-5.488130439984781,-2.0327653670592345,-27.559583579495403,-4.292567095706921,-3.98027671136241,5.645314642071396,40.25674882969194,9.443876783255757,55.43368997213067,-73.33235184042984,78.03049583622867,109.74543764231754,0.3071559875026884,-127.92601233352096,66.67614810272967,-3.281141968603426,-159.91844138222996,129.36199384085245,0.1565674444545747,-129.67273571176048,70.56193994873658,4.7299266239709485,-159.644292540556
18.17306943980218,2.14946339350193,34.84346000328071,97.18113792786312,10.812873008611147,-10.976549094271547,-13.760942630898137,-18.604599816733977,30.07618742295202,93.8732707099562,11.424380105484142,-10.338305884215675,-13.760932621436556,-18.604589853471648,30.07618742354024,93.8732807017882,11.424380491607645,-10.338305458230693,-34.068776418570714,-24.674881842124655,29.25628059030209,77.79287492542969,6.2169122085645006,11.768130603560532,3.4639227184434622,6.270942427267635,32.79479358772865,102.85521219457183,9.344015283383019,8.614038792736057,23.559292020517628,-4.533990067374577,33.577807182160846,-2.891889630164352,-9.389201112058895,14.384139064129714,-6.077979179031592,-6.569628059011358,-1.524851935614226,-28.677216361206693,-5.485100657778526,-3.928847920608939,9.411476993737232,34.176350691092445,6.132168102074723,55.57578096316058,-76.96996704723504,74.31229093227324,108.53494226419402,1.1850654199643615,-123.01577690378274,70.33026990976789,-9.24514857535766,-168.46378063493856,128.10310622634657,2.632553166524898,-125.32601120578563,81.13174446066492,1.7577477707011309,-166.79592418009022
19.501470000000005,2.62822,37.60121999999999,109.9514,14.392249999999999,-20.30731,-9.748210000000002,-18.605669999999996,33.37504,91.89008999999999,19.92129,-14.932579999999998,-9.748210000000002,-18.605670000000003,33.37504,91.89009999999999,19.92129,-14.932580000000002,-30.23253,-26.59356,33.30065999999999,84.61828,10.781109999999998,12.187750000000001,3.47714,6.320270000000001,36.55807,90.81447999999999,8.459700000000002,11.332530000000002,23.695869999999992,-1.16497,37.32938,-2.90945,-10.30612,14.960490000000002,-11.03418,-8.31667,-1.3740999999999999,-33.712149999999994,-7.1550899999999995,-4.4666,13.3463,28.89716,1.3541200000000002,56.76577999999999,-77.86377000000002,71.05713000000002,104.92322999999999,0.6704,-121.82053,74.05475,-17.90516,-167.34038,122.07630000000002,-0.6021,-122.92574,84.79163,-9.868499999999997,-164.20080999999996
19.870219910276575,2.1849081084355317,38.2127903962903,64.22802563886832,21.97965286102997,3.834541919664698,-6.981248322230679,-17.839183047340722,34.43132408578038,70.77362558935283,22.254087352745014,1.3680644372863293,-6.981248370181427,-17.83918364119657,34.43132408578037,70.77362517665792,22.254087312981344,1.368064437283916,-27.82561698366965,-27.011392619277387,34.196787986199936,74.98524074716074,11.373738856059246,14.171991971010137,4.898590232306823,6.260831136103391,37.338935359716196,85.3256511191702,11.153586785837026,12.382737338129381,21.923754802945567,0.07688742432447822,38.52126407752944,-1.4009441822367632,-10.5505265426612,16.510640590799014,-11.043078181440762,-8.621300900428322,-1.2427592378955652,-33.74008123361424,-7.4862481439633655,-4.464224013583017,13.82018519983965,26.000839533954107,-1.8463173690478318,63.985919837724325,-76.6401060139964,75.22499882881398,101.9935536758505,-1.1620040021814595,-118.77089017608651,76.64746872024914,-26.623106534344515,-158.62305495665794,117.01412847354511,1.459668419588983,-119.81277135217745,88.15100575957474,-19.42836290486003,-153.84982859388998
21.96050977779968,4.552012085383801,37.87319351524749,43.073524590222206,19.5954370276726,4.468717338373072,-5.878190051626591,-16.37988519183138,34.89822640627092,52.794459446296095,20.04659846034032,1.1654948941374021,-5.8781907347291105,-16.379884553494822,34.89822640627092,52.79446895609063,20.04659845990279,1.1654948980682007,-26.080558638300857,-26.27899911296522,33.98913006305135,54.384630537705334,10.590193434251493,14.256619223101568,7.47430386851516,4.90157358286523,38.6143566082035,83.14509557541814,13.500644702912172,8.840545735200259,19.6316243393548,-0.06297849928508835,37.002974243814535,-0.6232817611578242,-10.487134720680421,16.71985348617789,-7.823489806735576,-8.142958187978918,0.3000308515256617,-30.534022236778853,-7.634116472210337,-2.8575970252601373,10.473912677767045,24.83318942123221,-0.702094930662853,71.98836400173015,-74.12651789731927,77.51971680834532,99.55867974573704,-0.3501521514525298,-117.71888157611268,81.93994368534237,-31.624110658796656,-162.52450200901643,117.02939518245756,1.9094532336284207,-119.26542761519372,89.28734226079014,-26.774685553183435,-158.75703432336306
22.008188697690485,4.565823551976264,38.26437575513551,27.606616057955208,14.804511948094568,6.615688303402753,-3.5160470476325036,-15.049760241617287,35.85819461950139,35.40241512506097,15.542596539408205,4.572078611914033,-3.516047919251218,-15.049760577339317,35.85819461950139,35.40242372153765,15.5425965394047,4.572079629225478,-23.958037758190667,-24.453177784817857,32.60844101476531,33.834480203857666,6.408602780530638,18.338074969442093,9.456557907309797,2.762739131229135,38.323721345524135,78.35909532066562,15.922836617293576,10.086598111439052,17.556027572083085,-1.6228160732544648,35.75709726732551,-0.29669512450018254,-10.076084531302527,17.120146441041445,-4.126465489239249,-7.535356943401465,0.9307784105824003,-26.816634941329298,-7.3147197032730675,-2.0397197781697707,6.951339014269321,24.75800831226533,2.35673382780978,78.04871941522464,-72.23290410663903,77.09804002472289,96.1721099802001,2.9626630126944704,-117.81918766592075,87.89826317181068,-32.07100538586183,-164.91718952212352,115.42678671017899,4.262669210337098,-120.54843279105698,93.51487564996093,-31.74857288719817,-162.00004489665895
21.91468786606848,3.4841506403064226,37.944263129386684,11.658141443613637,7.419319891338768,7.88033994053364,-2.3262536436225507,-14.853617219802155,35.47555956074672,17.844417182698162,8.222363764319443,7.03740861278965,-2.3262442747522516,-14.853618511495672,35.47555956074672,17.844415403961804,8.222363764327945,7.037408443844237,-20.866985663069165,-23.712106130386452,32.00018169195028,13.383271130223067,0.570256361049723,21.238673058600284,10.045491926460073,2.2441413604625238,36.69117015170434,72.92388790010283,17.888705048806617,11.727928633188878,13.757751523105908,-3.197942739110925,35.29727281909109,-0.2917134032558141,-9.171348050307337,17.540600918449638,-4.629013548394592,-6.82303075951301,1.135755996411777,-27.287834361336433,-6.735852967161799,-1.5739720278035232,4.620680752159755,24.601236393442342,3.676567960995288,82.4538020800809,-68.74382746068102,74.32909188156209,92.65791468229028,4.937195450102139,-118.0294353414643,93.78406748955575,-30.493606233687128,-166.29627512966428,111.49359198010046,8.643884084271097,-121.86490318136923,102.08391884844028,-29.81449233345781,-162.19159256133372
23.845764641695098,2.2902666812169366,40.166814582084214,-1.8173615495924333,-0.4135618735435406,8.59328802397722,-1.0807716665562705,-17.73203870749084,36.712547224746835,1.1343329636482726,0.03291069477910233,8.602998467214103,-1.0807609548418156,-17.732036535171233,36.712547224746835,1.1343434601546138,0.032910696587891364,8.602998817125878,-16.975170951641886,-24.47090175803632,37.079407780569774,-4.901941080499337,-6.382035346042922,22.725041333103952,9.950553433922563,3.674813300250389,40.4615541959049,65.55205643621932,18.54038195021548,17.166033608759758,10.976623371745491,-3.6202134891219955,36.82301741595171,-0.6644133925220859,-9.227265448214496,18.582255392528683,-5.3549652439855056,-5.880585596081099,1.4143506168217348,-27.97575390158888,-5.972599054630148,-0.9518233265284417,2.5254594549131184,24.773906260131806,4.377106939658976,81.7131924203359,-65.20340961314157,62.75665779446403,90.08915146884861,5.929587129754331,-125.09608217711751,101.02704123060099,-27.059656664907198,-176.81602875104468,107.87872017802255,10.152352912069137,-129.03227257322985,111.82673473467648,-25.818851783281076,-168.6330369163373
23.01568300794578,2.722273202435264,44.352728371500646,-15.795005470208848,-7.7539831408294,8.132922079646058,0.8742981713070604,-17.995697740339136,41.32506575821412,-16.488892767658065,-7.851627436233078,8.038540373253984,0.8743021884833024,-17.995697168305423,41.3250657582141,-16.488882083776332,-7.851627071429601,8.038539433240613,-12.475857005191852,-25.53052801331709,43.55855146975123,-20.826053284801937,-13.942567824859331,21.678106195443924,9.456619246812508,4.62381539408098,45.72842542832051,58.00083651392924,18.95991874211013,21.898471065972235,8.401681959970308,-3.2197869334172937,38.12610392647835,-1.232688944773744,-9.579693895619842,19.73788028661835,-5.658543451996514,-6.079326139340446,2.5361958581465913,-28.29130511717027,-6.585314454712883,0.007331176348812789,1.6678647718202628,24.4207988421683,4.5504966368541355,82.35793319133248,-62.287818759389204,55.11865818645151,88.17948618736824,6.559713702596208,-120.63007885048795,107.40011603686261,-22.718192337170407,203.43017841922787,103.06553484479016,11.293947381713142,-123.9953953885041,118.85252656260963,-20.500396284037162,62.24868674231681
21.505154222974173,0.8312798077815918,47.575625370068074,-31.134206668282303,-17.160672128076666,6.20047518676571,2.1835918260215545,-19.20772841278239,44.413414606669136,-29.693782558340562,-17.00627369714402,6.62365677521402,2.1835992528629156,-19.207717578332637,44.41341460666654,-29.693782290167587,-17.00627480576058,6.623663882520419,-9.67389532763764,-26.090656286833728,47.51629139342389,-35.98589933040507,-20.55745952926078,18.814330113417576,10.456098496974912,5.280357564276992,49.42411662803762,49.85418083768754,18.81587598459389,25.59231810945403,5.005137964904282,-3.756562747791755,39.47292192712634,-1.8668755372610988,-9.45223425750075,21.735140519486876,-6.353999725238271,-6.616627329833681,3.6706180661618903,-29.009074424065425,-7.515271576431157,0.8473722746481371,2.3450242399100216,23.843071820290536,4.478542682910751,85.30045744867857,-58.59317625617978,49.03483812192471,85.65383398983955,7.785472252224269,-120.11284763292365,114.4149288350708,-19.575432819553924,163.59328985239387,99.39115429965562,7.101809126009958,-122.56742969625456,124.28006188538929,-16.10499615183888,166.25603896750374
24.271978632677566,4.929350212500707,47.664310315120105,-49.14152361141343,-23.506420033261318,-3.021274618848958,0.8053643192180884,-19.7785823085528,44.51689091349556,-46.20107419678498,-23.62175250352113,-1.8455075945013415,0.8053752648896848,-19.778583433129718,44.51689091300959,-46.20106744064513,-23.62175251166611,-1.8455073998387141,-7.540062283670244,-26.175825785015206,47.08803604946767,-50.94908568241554,-23.549478932045915,13.824789899484879,11.960393160934137,4.84021023483657,48.805276419114456,41.842768311528175,17.090411206211922,27.51204996632913,2.304040652247343,-3.5462417529078154,37.26525837851495,-2.3021032952633482,-9.41135978782767,23.145075255633625,-7.544474665436078,-6.704369812608182,6.7363093854049225,-30.15786214600089,-8.76834315902763,3.652312900679943,1.9034100181077767,22.43386372668718,4.726639357599484,91.10893550482825,-53.59040323012195,47.0580657888146,84.4854526713409,8.07960276353245,-123.2168558839732,120.62652532370699,-16.049499248523354,152.31358016969,95.94220149502848,5.640182495835357,-125.00841444008711,131.21416683351097,-12.213534568721654,155.4249257067502
22.294496868538374,3.6376911531138623,49.393162046384916,-63.609778761058834,-24.329354067702287,-9.287078530930797,1.234012264804172,-19.83353619271775,46.329153165830654,-59.22375119296336,-24.916530798515026,-7.458941792415831,1.2340172526926727,-19.833530506748403,46.32915307774664,-59.22374794727914,-24.91653112888896,-7.4589311029947,-5.6719968538613745,-26.765727059225423,46.654408190214866,-62.74018797105984,-22.48464841569082,9.788074111220933,13.467679350663401,4.928404784131226,48.004195212388304,34.35822303419221,14.645436371761088,26.583991616615403,-0.7249760765982896,-3.7307958318245382,35.01955922354345,-3.1037684543619077,-9.535375961320238,23.56350452528168,-9.724155111774914,-8.008817621753858,8.6277200506819,-32.36888080906987,-10.694111946905796,4.8998069814192915,0.09330153059831142,21.357327083684687,5.080558771888803,95.16753943159166,-46.58319133302117,42.747550498073956,81.63648261064093,8.647993613814002,-121.90030354693198,126.08856256469744,-12.158545403217815,142.6661932307674,90.09968427405565,9.82102322002638,-123.56606165630359,139.63582497072784,-10.926227258257988,146.1410193570494
22.84816595517047,0.808273906915016,49.36227862664032,-71.41197868370506,-17.621810209002884,-7.537392907937917,2.6670534039748977,-21.244260449451293,45.677836191345875,-69.10108444551093,-17.89932076953173,-6.832119886130023,2.667052335150424,-21.244249826319404,45.67784329867398,-69.10107439559874,-17.89931970644675,-6.832119964631015,-4.310334620595786,-27.817511377967477,46.253854334214296,-69.0930609865981,-18.608760877235426,8.5962928364803,15.005804922855615,6.317130661702665,46.73715835006282,27.26259446461556,12.513934220416274,25.09030158800311,-2.829587776200344,-4.339038201378661,32.255700088904995,-4.032109192104155,-9.896058707089784,23.49876820696824,-11.697706713480933,-9.176703848272437,10.709040928108301,-34.35506657369955,-12.564468326606972,6.3796601941078634,-1.5608661452529997,20.551803580100895,4.6431920055781,97.48380647846778,-39.92705204953068,39.779217681850355,77.4007064894818,8.90793788731411,-119.02036677712479,130.2089139856517,-6.709458620174941,135.17396565141348,84.74838347863553,8.501729343613379,-120.31955120271688,143.756934390661,-4.693608532226627,137.31691494113974
22.9120941837725,0.23035973284587255,50.05778344400655,-76.80431267699788,-7.798006546402619,-3.615097676260422,2.8976818352569906,-22.045411341244147,46.15962923293913,-73.05231493829527,-8.016230536932879,-3.0984975097840097,2.8976861962630873,-22.04540841006691,46.159628551914786,-73.05231298751058,-8.01622916844953,-3.098497510189061,-3.693673016480045,-28.750834359628907,43.61043857394367,-70.91202153965722,-11.437774572391929,9.94125310478369,16.78918404301291,8.191604389975701,42.66660006503289,20.114128154837502,10.908247114743679,21.25037499466432,-5.2367852995247794,-4.734398058525212,28.020606672846956,-4.579961242975704,-10.942353307859788,23.059796571992596,-13.902827046073549,-10.18240781769131,11.657837222754607,-36.6082132371798,-13.853033859798186,6.867724000092365,-4.266819755766056,20.50533446027631,4.585047193623661,98.45648646305155,-33.87123569079623,40.377830889291964,72.71928908222786,9.524651290498442,-118.39496264039899,132.86742010225757,1.441237634560609,128.4473752529176,79.126218036572,8.04030580931503,-119.46625206778745,146.5306647792318,-1.3419767320801808,129.27851307769077
21.449210759141742,-2.0004796575560073,48.90621411974975,-74.76720635808572,1.09845389887574,5.4290697518998465,2.369689944645028,-22.19701226644493,44.808098140323544,-71.92923922936394,1.3659020902616372,5.368478879046075,2.3697017332487427,-22.197003663617103,44.8080971973036,-71.92922794163812,1.3659020970469284,5.3684788790440665,-3.91831502005319,-29.291938008056825,40.58415773526056,-68.48589050527981,-3.438754184462552,11.19460958164805,19.217925191816764,9.507994599298268,38.86072382313698,13.07851172242833,9.458068943387985,13.344642399561591,-6.931912086340816,-4.49427353755065,24.16895014955982,-5.4674913532537435,-12.036932747256982,22.69755541999224,-14.67278265109281,-11.193339257952488,13.016330252852905,-37.4114326434662,-15.301128821278466,7.736547083780237,-6.26999681783711,19.814661257653736,5.298617300718904,98.21789770143744,-28.29237599567317,42.044736478796395,68.5193010346497,10.747567390452893,-121.19517455024958,135.12556173675182,10.454681384127312,122.71078986171094,73.75712580829111,9.019013571396215,-122.1548566371405,150.28101993340684,6.8217046365803125,121.4678083940105
23.594478908008103,1.3063092335070772,48.997491503798265,-62.69067872265976,7.773632158404922,5.365706431814477,1.740861250712729,-22.152333624169945,44.911733600342615,-62.984406358658745,7.7459329670245705,5.405052433509991,1.7408593510272883,-22.15232470591602,44.911736102238905,-62.98439583823224,7.745932967056548,5.405052433510069,-3.7446580974335686,-28.796412182400907,35.866806812136545,-62.242684151249954,3.4590666790116202,11.572486009938352,21.62685596474907,9.796709768256584,33.42842160292362,6.106135357272319,8.93407238866357,8.716970648245463,-8.88228906749002,-3.5797308447817264,21.09331906538548,-6.090097976996214,-13.613150389988748,21.934886984539084,-15.521627877625205,-12.41524660881256,12.829082517920975,-38.40420578345533,-16.35642645121276,7.0685611247225495,-8.94082626698546,17.75500399597554,7.192148293396411,96.45369347237659,-23.55793035897349,44.756672374380116,64.87287885477035,12.21669768217664,-122.08065809258166,136.59460598456644,19.999447360459847,122.92268270378425,70.90840006655812,9.243450233766247,-123.24462432555849,152.82015437118332,17.137847275276382,118.7953523480811
24.144218993957217,2.740706364857307,47.20209221802572,-42.6159194590002,9.627063953697984,1.4203842194764766,1.1495670704874927,-20.721814037910672,43.48323404423505,-54.15218248890326,9.155437163335758,3.308814317676402,1.1495669979145586,-20.721804669056198,43.483233971176105,-54.15218076200414,9.155437163335895,3.3088143176887344,-4.517691749977914,-28.3533636636275,32.26030397434668,-53.12227769598791,6.498326307862385,10.489942784117114,25.19482305535859,10.043448796545439,29.964838902995464,-0.43909519646467804,9.620486618334498,4.646006851018519,-10.678299223697442,-2.831532959464921,19.062290687997145,-6.920254807215643,-15.1128176792909,21.759783877223715,-16.185564736765592,-13.46193831389472,13.716248870092258,-39.14788814703308,-17.65722276389974,7.475032007703392,-10.846773214179871,15.503471771296256,8.138156943057577,94.42580801501522,-20.166601828276256,50.022347661728745,62.225507866122896,12.556801581515892,-119.94350818145496,137.11146959157907,30.625303680242588,120.80318204696012,67.83822918802362,11.341483277916678,-121.18917833458565,153.54577086946819,25.156454880294273,114.12285091054109
22.16135808464926,-0.3814423867649955,45.73679414214019,-20.38494953593599,9.636523856539656,-1.156256276116802,1.2316207075991847,-20.44329308145927,41.85361237413732,-42.21291071411133,9.382351514898572,2.4930190342804055,1.2316201493015513,-20.44328326795162,41.853612373855015,-42.212911007705024,9.382351514898572,2.493019035803967,-5.785369461785474,-27.978737345762454,29.68847837402184,-50.475467953218136,7.73787067354729,9.978168160051652,29.3910358923574,10.783366210515954,27.54405645511261,-4.475752542684612,10.053106435065649,3.933421056501616,-11.902272026913279,-2.719182044855943,17.29832635750536,-8.079806196971735,-17.17146989301032,21.7358585105737,-17.09297754416369,-13.705250338957635,13.257644497238505,-40.108716550695405,-17.707108571389384,6.944569138335935,-12.434816834272432,12.632645103442556,8.816459627329397,91.66305472788721,-17.973150440838207,55.0619933894663,60.442674972116635,12.295780418889162,-119.28391184751878,137.6098388744363,40.49398469127681,123.7601784893117,65.737131390472,10.310458477841404,-120.36175044421367,152.18254805302348,35.04590021831331,115.46004547376273
22.036329814523576,-1.5204672252673563,45.507450225434305,-12.69105617862897,11.58439232354284,-2.024388049772825,1.8644116131952506,-20.608270775265538,41.54241378811488,-28.055337091111173,11.707168340393073,1.0950678644994838,1.864411513134414,-20.608270819803238,41.54241378811407,-28.05532757843198,11.707168340393073,1.0950680029619755,-5.429498140620747,-28.07562927769084,28.910888892658832,-48.17675876418443,9.210967206202747,7.4235564361637945,31.82800505851939,11.53919114268689,26.255283838770286,-7.530615468322284,9.41950358316546,1.7012594025217505,-12.344107961823507,-3.0879154243624596,15.909756481830337,-9.144474882468906,-18.318901329644113,21.590918340635813,-18.285822617643806,-14.535123449345335,13.778653892917212,-41.38270340412878,-18.66856640443461,7.091830801583576,-13.392292587502837,10.127622226774344,9.398398624439517,87.02589069509474,-16.405613199971267,58.60607325959793,58.65274553246737,12.124374922690958,-118.39299007758213,137.78722296180953,48.68416683831193,120.15824299677645,63.83900339214912,8.067813129279859,-119.2412327393948,152.97775176587152,41.253512971646686,110.01983582903533
20.848889999999997,-2.4060699999999997,43.611869999999996,-9.67476,13.24026,-1.02851,2.13096,-19.074910000000003,40.055789999999995,-19.15907,13.23064,1.14767,2.13096,-19.0749,40.05579,-19.159069999999996,13.23064,1.14767,-5.088990000000001,-27.46406,27.3988,-45.326220000000006,9.58855,6.230200000000001,33.8007,11.326560000000002,24.85981,-9.40764,9.454249999999998,0.85478,-12.59281,-4.158029999999999,14.879640000000004,-10.09158,-19.61876,21.175460000000005,-20.758540000000004,-15.496429999999998,13.38483,-44.00455,-19.40266,6.32178,-13.325159999999997,8.03352,9.12859,79.92424,-15.79003,61.11486000000001,56.56239000000001,11.36123,-113.49937000000001,135.73650999999998,54.45502,114.56674999999998,63.52915999999999,8.24683,-114.67651,153.26648000000003,45.08619,101.94871999999998
20.988193437246363,-1.9091371650687161,41.44688966017897,-7.625474927851015,13.321058449436796,-2.6682768151951275,1.5107560977765213,-18.057900271719333,38.004163924269,-14.570927375297419,13.540813241334986,-1.0531530588041225,1.5107562381884636,-18.057899757059097,38.004163924269,-14.570927025391349,13.54081324133499,-1.0531629829262283,-4.522531923455071,-25.64833622918655,25.106344436873442,-43.447357743222206,10.03163560840137,5.871375143984035,35.66656110236555,9.979671364211189,23.65825979773406,-9.600155045112052,10.187651994404504,0.25772779524905265,-13.330405763428057,-4.722423121371101,14.195345649660027,-11.359666888903707,-20.867621987053152,21.14458158525891,-22.03839687470094,-16.086007175839327,11.489583227533316,-45.437330370278076,-19.221967540096554,4.299898952386913,-14.608011609878275,4.611452304836116,9.757332168622549,71.51586615237787,-16.9852245118702,63.389656275499625,54.89111705185362,10.751082400926508,-105.2464796350347,130.9988511735346,58.678084248145645,115.69782842454026,61.584589050108534,13.145827349529668,-106.84018060320493,152.32935522326886,49.07568189426591,99.36374653676582
18.89258508357432,-4.5555033708904284,40.74403560100095,-5.20630103479046,12.053221540976073,-5.334045839937458,2.271918734429421,-17.92846451816024,37.45934997444168,-13.824912580537566,12.703522537492088,-3.4832258631811492,2.2719286955978526,-17.928463392501712,37.45934997444168,-13.824912015966394,12.703522537493544,-3.483225283507836,-4.127629592808582,-23.670885091150044,21.68711784937404,-42.774107858535736,10.53498067003019,6.037484856192026,36.81647153375441,8.16374806470323,21.041538823972456,-8.134106605934843,10.899806859457444,-0.16244448634279104,-13.70488115336714,-4.401153227598778,13.048063209504896,-13.203429234957998,-21.76173816325483,21.112076569716685,-23.42509423690605,-16.548235250809082,11.009976714400402,-46.90206273124812,-19.46297782644937,3.6574658937461213,-15.89349546462719,2.613434458614617,9.732772952550105,64.08581890385716,-18.826649286201356,66.11607343103391,53.960546357935236,10.031704192389888,-104.12213728066853,122.75710655324477,61.75408607054152,120.31214948471485,59.36598239282714,11.859940440191146,-105.27292068724583,146.26280184838419,52.40535201745865,101.43434917293511
18.55675327338887,-4.779419824512962,39.19893670306692,-5.23402926502599,11.829777221434872,-6.867607198657059,2.051591301509729,-17.363058035532898,35.98881013472331,-13.388735994567776,12.66893487887833,-5.134617487781512,2.051600970267108,-17.363057832660097,35.98881013472331,-13.388736402035638,12.66893487925483,-5.134617094512854,-3.4170181667109776,-21.793930263484526,19.338335593150273,-42.12962176441212,10.976738996520044,5.986441467766965,36.99933604365107,6.25824129386448,19.705560269615024,-6.508615346736622,11.006564229776371,-0.48916800267972205,-13.790211111954196,-3.966202579301613,11.771383519168968,-14.578483005421836,-22.15950921811834,20.5042795488872,-24.108556685217405,-17.602179344166295,11.138840501614386,-47.73536448746954,-20.478360023293128,3.3295327232510132,-16.73050052837752,1.4752762255745264,8.997224064249853,56.84582778440002,-21.827502267735824,68.61017393180339,52.74948110679769,8.94282418387307,-103.1951768424661,109.65905985931732,62.846467069462456,127.24101206818466,60.060424531647364,10.682974860653609,-104.64084340354387,138.99530001145385,53.17351667184308,103.44438188498322
16.039421068936193,-5.304578044431377,37.766616212333595,-6.904866607811032,10.441851251492587,-7.264223219443097,1.900394844857871,-15.64750736179284,35.17255018520249,-13.06138677841202,11.151604602681084,-6.109878092003961,1.9004027380361623,-15.647506781367976,35.17255018520249,-13.061385132610871,11.151604688638733,-6.1098895359672305,-2.323424775415446,-20.513917289370752,17.91164495483646,-41.25134901272035,11.66163759399753,5.443177594302146,36.773894938509045,4.654504582011165,19.059933574360876,-5.7045969259758,10.952110931060181,-1.1016320279717806,-13.772102581453899,-4.237848820654413,10.697115485510922,-15.734246407651456,-22.585461876841443,19.544955940709485,-24.4890927648478,-17.860943156583936,10.855815485818235,-48.161134748677604,-20.607237438746516,2.9549810077717114,-17.792915759403996,0.6588150251075695,7.814411537097759,51.75290835951865,-25.01854014265485,69.72887489892446,52.555625448202896,7.585873068878461,-104.6558353781568,96.27187557932304,60.42412212256269,134.73228674560346,58.35571906048338,10.92698424395602,-105.77469043764792,126.57291760199121,54.30398428694981,110.29608855865148
16.20316320513278,-4.288428051396739,38.23727253741238,-7.2561281817926595,10.558097480701042,-7.437652959552733,1.6412488096814695,-15.176431497510684,35.751399051891404,-12.516719703151711,11.18747476167531,-6.4447023066319105,1.6412560583185933,-15.176429315296625,35.751399051891404,-12.516712906416961,11.18747149732596,-6.444702263742435,-0.6630280783082718,-19.70962129749262,17.560040736851942,-40.26503529044598,11.98956535817459,5.184457446006227,36.35761330404671,3.389493869955911,19.274694396691505,-5.352371189497324,10.626423074779929,-1.065554226700317,-13.97491039081874,-4.498421736820756,9.97028850994485,-16.664140927651687,-22.490021911555946,18.71472376701819,-25.341390217118448,-17.49933626168413,9.483144205237943,-48.98348335412509,-19.75123430975483,1.833301226467771,-17.7107145880141,0.4027450201998109,6.630061665753262,47.616125741907034,-28.626909774776262,70.20772975795335,52.45047404485485,6.378114683138679,-104.33032898397089,85.90105182532436,56.89032576113499,142.99627688678393,59.90127161616351,8.01526530940571,-105.4662428237034,115.03181536081753,57.88010707131588,119.34552665687642
13.169642610660771,-6.795675894986865,37.830165207775934,-7.228198632668641,10.816715426980695,-7.139353846277156,1.9585603203176112,-15.052668658450083,35.69342807496993,-11.511576913818967,11.312821002666517,-6.316966851804008,1.9585594177631858,-15.052668384694007,35.69342807496993,-11.511566950807126,11.312820982198275,-6.31696675375715,0.12064192510038882,-19.142349386199815,16.903572313198772,-39.09193373098487,11.94485369970498,3.075589053162323,36.26879976866373,2.4596170424901906,19.01761270430918,-5.255291891365911,10.201285953713047,-3.095831132529532,-14.01564166120824,-4.430601112410718,8.999503435149208,-17.4413024824432,-22.434882376850876,17.151083890967296,-25.098700479522854,-17.457597036907195,8.937999083945945,-48.74097043512506,-19.504470794312635,1.3453534399383253,-17.292526319959048,0.9523489647467986,4.394433873181361,45.220378976747035,-31.672335969370575,70.9571244150922,53.05142066827056,4.459294976087065,-106.12105013861523,79.26222759186886,54.36662126548014,149.08277822941844,61.42336805747189,5.682474128945643,-107.10013928586743,104.90577064891791,54.729892130343416,129.03319859962022
13.4085307824876,-6.607278311490103,37.170791266348274,-5.36061988139916,11.290875314741626,-8.126919980965642,1.313651686483029,-15.28020565747958,34.859851103844434,-11.061920017959542,12.031584366518215,-6.973715725708428,1.3136559732488033,-15.280206650145907,34.859851103844434,-11.061915692787311,12.03158400196108,-6.973720554220425,0.7536192881103073,-18.65274602113688,16.28049163978003,-38.11422809899781,11.975377388644581,2.4462010845673565,36.0168934906447,1.822496747635776,18.542017418553833,-5.112358324458402,9.939784016590192,-3.498550958349537,-14.088825269117484,-4.156756461625751,7.814649939683039,-18.15301634583235,-22.433718866396916,15.709952446604722,-25.85033983495879,-17.03037449235534,7.017532885284821,-49.441298027476414,-18.3782048579941,-0.25041915144213994,-17.011821263353998,1.3092323525786294,3.700388603392947,42.679721438655854,-35.62737477964725,69.04537605803684,53.659186248411956,3.9259923016769216,-103.99841292458068,75.92956698316785,49.28229163265196,155.06895574811617,64.11069567845223,4.861749979330322,-105.10523240299295,97.77782607370254,53.4432326605971,138.76274084123185
12.235051485805355,-7.662360996078996,36.12431895653541,-5.35972502972463,11.618944958238636,-8.78783613487408,1.5613156016506418,-15.03516847987656,34.013614951235596,-10.518887047621611,12.351333949990416,-7.715744166684138,1.5613190544424658,-15.035169120764436,34.013614951235596,-10.518888323195478,12.351335176509481,-7.7157428775216905,0.7083290129596398,-18.30267130509018,15.418683859273312,-37.57798633398125,11.846950096338386,1.1827324344960166,35.69962855282804,1.1550564093248439,17.916677998045152,-4.849701247762515,9.798800427115669,-4.844720587211208,-14.026636450774367,-3.9366317141036244,6.4474154903567475,-18.37082104305605,-22.18806373134058,14.006341305158442,-26.149896915886494,-17.178755404067314,5.745877774234784,-49.75262715910511,-18.027643260390228,-1.485403208328732,-15.99907973438151,2.2684360155062535,2.2542116088491784,40.49345867785462,-38.768608758879054,67.46223101226215,55.25024598563885,2.864030576285112,-105.97141143164437,73.81773841424318,45.756438248559824,153.76410419880514,64.74589398418912,4.38817626059607,-106.88679479384429,94.68618211949406,48.73338057932828,139.27281040302347
10.42841706067938,-7.47388586198597,35.11926189503069,-5.657916627104045,10.937637067505039,-8.469761071512988,1.0157904868051015,-13.789535725453472,33.3763102323411,-10.111556000203036,11.554607805007352,-7.6007592187169575,1.0157898663803997,-13.789530754903472,33.3763102323411,-10.111543762370076,11.554607811774277,-7.60075957060028,0.9003678761444128,-18.12660694180486,14.722067050928239,-37.19977166891127,11.599448737575093,0.2662621648484639,35.44837806008666,0.3367807620243346,17.56046374018446,-4.665427630018376,9.496727060759994,-5.69434340377842,-13.886507571141118,-3.600897188479902,5.383195869910715,-18.499640773079925,-21.705489791243973,12.404021853327976,-26.23822564235828,-16.867032196158217,4.85836979627921,-49.789757391808614,-17.40250016691372,-2.171014334898933,-14.873134633017536,3.1335220987413988,1.2041593902475516,38.947259044059734,-41.813259048727495,65.60006728454631,57.096166378398586,2.117807067177976,-105.96716106398385,72.36742686373745,41.41795720033114,154.5488751925564,66.20924030855706,4.030334594236609,-106.77252165944533,94.09412565736478,43.86482363868244,140.8651279254478
8.107704650753028,-11.136823306462846,35.00984331314498,-6.7459628357220085,11.955013992261295,-8.141001111773134,2.6091467690803616,-14.80819145473592,33.77383230093209,-9.412658545489144,12.315018566968346,-7.5802808980860545,2.6091442367379036,-14.808185512297738,33.77383230093209,-9.412652646943881,12.315018566996592,-7.580280900083223,0.9391335479918039,-17.917752538764454,13.788357175416078,-36.94980828594969,11.511103357544876,-0.7980844856217154,35.239551107815636,-0.48364624579636606,16.948343680120914,-4.616918322140843,8.794615378167341,-6.467918811170515,-13.328260824501596,-3.351537021708424,4.500899465717117,-18.474157608549753,-20.706527908450056,11.108603035838014,-25.820626888049507,-15.95301327007616,4.068765341592293,-49.24902703055519,-16.26232623912857,-2.5161625104146825,-14.123800263250054,4.034778857120119,0.2060837737356212,36.97638103617739,-44.002737849911554,62.29096888357342,58.578851380979735,1.3930363947018523,-108.72350542666499,72.49562095952912,36.936222224680975,154.69883439786642,70.71809441596652,4.628613501277513,-110.00774666674991,91.95668008662423,42.035051861131755,143.3308702710926
9.825842727868293,-8.964991694442386,34.66478113826726,-5.771474945783391,10.56653836463934,-8.721431018879633,1.5008025732625372,-14.43759898752853,32.9716195557322,-9.956966572025232,11.168398997215672,-7.931935146365212,1.5008147161121146,-14.43759080623923,32.971619555732694,-9.95695991539398,11.168398995881317,-7.931935166297211,0.7838563438393771,-17.823676119936216,12.843228182597272,-36.94823216981042,11.783291297068354,-1.4987051450737696,35.1601126038251,-1.0159544358101558,16.180183202094042,-4.231702491641037,8.324409044148226,-7.0872058959016275,-13.708957977177183,-3.3372058227452004,3.057947360604862,-18.482334839909296,-19.736323622965582,9.714391661779453,-25.217988489090818,-15.502517959121148,3.5959916794308384,-48.58653376063682,-15.668161218468985,-2.7644914922309103,-12.369070703544809,4.970952255446217,-0.9579024042967282,35.05999355648466,-45.56243548858584,59.348894336755606,60.83632116492192,0.5189688131486725,-106.74017302025388,72.91405814324564,33.9612479421595,152.65702311336716,73.88693249988378,4.43698972964469,-108.0587967723025,93.61131294032566,36.4973120260869,141.90744924058143
10.402466412248344,-8.374556589454025,33.91557500188463,-6.005803401878598,10.714316656406185,-8.819324610220932,0.8317948865259104,-14.475292643508448,32.012903004117014,-10.46305525863738,11.360081670712761,-7.965540924932076,0.831806503952601,-14.475292616594212,32.012903004197,-10.463044721464717,11.360081454610732,-7.965544405374183,0.7552114545988762,-17.66677965957669,11.900124638929306,-36.71696311640784,11.815599696391166,-2.2118256990323624,34.98366598085656,-1.4217542615173462,15.276926363265378,-3.991460311544398,7.914228669060042,-7.675223015976436,-13.755761680637141,-3.114982706477467,1.9745977670948087,-18.677669910717267,-18.860345745716554,7.969669705517741,-24.75152961768448,-14.727743860099201,1.7668760126822691,-47.99462165825197,-14.257952788381372,-4.12587414868401,-10.99398434412454,5.794708637483482,-2.5272922560688884,33.58176514173479,-45.86802763642156,55.66828093056267,63.536714202334984,-0.896145181725865,-106.69080679016098,74.6419323570149,31.138700336248906,147.11952133087684,75.8386929519881,5.519320008389168,-108.03728261482966,90.94445583081627,31.281822192473946,139.4546764805848
12.323150924048141,-6.701096236475617,33.638666308650045,-7.230765821699578,10.341577417128816,-8.560308927142938,-0.5213834998542881,-14.761231861457198,31.231281725212774,-10.679253470281413,10.832823611062569,-7.926523255885997,-0.5213810446198519,-14.76123189472971,31.231281737461288,-10.679245626206969,10.83282480829877,-7.926521972692096,0.6229643193240765,-17.422327916582127,11.107289374410568,-36.69272924299848,11.672462293006339,-2.6362906227486156,34.80606895530733,-1.765181389555448,14.54298654261004,-3.7459387212471538,7.727989276494822,-8.11091604755895,-13.618754017852082,-2.8182228248139447,0.7897194883117812,-18.561884928293882,-17.947881559996752,6.703178482899176,-24.749679522860887,-13.635049394644225,0.8820089832706683,-47.86264550972074,-12.91580236754053,-4.494793915365719,-8.993384668009613,7.068782388587127,-4.820729285029002,31.861083972817074,-46.619091789695425,51.62176472808598,66.96518800491127,-2.9945673502093353,-106.10262193649591,75.92508091765698,27.38769272144739,145.29979496641286,81.79027596107098,3.344832365163209,-107.2778756387266,91.70868238513789,28.378819362373903,138.7227507011594
10.702145720764221,-6.90542058935504,32.71886583181293,-6.635103444259875,10.921852485243598,-9.100449145761026,-0.7928219338447103,-13.909220793900985,30.63187732366292,-11.91100840655462,11.703189461493503,-8.064831022194154,-0.792820247071646,-13.90920961675048,30.631879110071186,-11.911009443098697,11.70318946673754,-8.064831016572793,0.49394306076054073,-17.423473949946903,10.765695039282079,-36.66620247130891,11.610879590869363,-3.46419096945314,34.15077229782105,-1.9795278179903215,14.16336584971558,-3.555570267288014,7.398226115624511,-8.92234634595628,-13.374583525425768,-2.485750983772303,-0.06998791996376685,-18.392059787889163,-17.210468398150955,5.725800137463267,-25.16684988642185,-12.176819252738188,-0.5504565765263454,-48.1113602752655,-11.027602161110678,-5.225271765333448,-7.497411933736464,7.4872318005089555,-5.650042134599723,29.683778635180293,-47.0004470357009,47.32658533427695,71.60295583922542,-4.182513224969286,-104.61866201326127,76.8219419955794,23.57012476863027,143.79965879744216,86.80216171159755,1.0539511864450737,-105.25060978879951,93.48443256244275,26.721878575793415,137.6998400028833
7.301617003745138,-10.386501638030635,31.470732038704597,-7.9734372568347505,11.73000049167641,-8.708195400017887,0.3491049123512393,-14.427592183848734,29.97424345115129,-12.415786114055336,12.359809326519922,-7.780734277302351,0.34911545273037764,-14.427591104588723,29.97424339640271,-12.415776396853582,12.359809326548039,-7.780734277171287,0.029006498314121845,-17.188936004882503,10.477477336528937,-36.334539367529324,11.409814937816634,-4.326999974976676,33.68248636374377,-2.207014931526503,13.976314942728203,-3.888322095726399,7.183405791624662,-9.658755615730032,-13.092008688421622,-2.513675697825697,-0.7215549212120426,-18.704536280686046,-16.423395807762304,4.574806874554799,-25.101987342046076,-11.599480020166752,-1.899190661960449,-47.952463390657655,-9.98223443077941,-6.233348430154849,-4.88393254882517,7.8583262057233885,-7.47569700785286,27.256857815605002,-47.06532093302025,43.625459990446245,76.44783692932418,-6.285837875246176,-103.73345757829475,77.87072586586659,21.767175814656028,142.80767638787003,91.66457719749515,-4.750250783339734,-102.89335711251533,95.00497489752793,24.686925435450227,137.11361771719876
8.146653388146555,-9.652353437451618,31.26045628423792,-8.548871388028749,11.781863316263841,-8.51415014157478,-0.715642043791142,-14.730508202330348,29.383515875935025,-13.137423383894907,12.415393845663033,-7.5518867828847265,-0.7156325907751168,-14.730508195938487,29.383515875968577,-13.137422867755896,12.415393846376572,-7.551886772947164,0.07559584806661496,-17.202652846162167,9.652999517595472,-36.01664543847407,11.244440164510372,-5.192861960880442,33.358067625855256,-2.2481047231298956,12.926068824298106,-3.9465264274817105,6.974843706206451,-10.46449800801338,-13.28639980120215,-2.438645753814973,-1.6535429439050924,-19.048451231972486,-15.811440663415423,3.594531966768173,-24.40170439232869,-11.501066294391121,-2.2665137883125226,-47.22966281336271,-9.75185256459968,-6.5312199100101065,-2.5822810886894723,8.38974623983679,-9.421631462558025,25.77006719249675,-47.08085696933637,40.83401589081998,81.91761957906164,-8.694419400238655,-104.83474591365712,78.9340385267849,20.351776261220813,141.29918617085752,96.30387858696886,-4.69710096725101,-103.99204994793294,97.71657946551758,21.51450431800143,135.89235407657063
8.911610000000001,-9.753739999999999,31.73586,-9.32932,11.54892,-8.612770000000001,-1.0281499999999997,-15.516849999999998,29.55363,-13.71418,12.164710000000001,-7.711390000000001,-1.02815,-15.516849999999998,29.55363,-13.714170000000001,12.164710000000003,-7.711399999999999,-0.25038000000000005,-16.91051,9.834790000000002,-35.79797,11.46557,-5.5265200000000005,33.178,-2.5698499999999997,13.40515,-4.251239999999999,6.741299999999999,-10.594120000000002,-13.438370000000003,-2.43156,-2.19121,-18.96004,-15.260009999999998,2.8498400000000004,-23.88261,-10.93268,-2.69535,-46.65491,-9.06487,-6.701030000000001,-0.19058000000000003,8.472299999999999,-10.57028,24.599310000000003,-47.40478999999999,38.723800000000004,87.23164999999999,-10.302810000000001,-104.03969999999998,80.27524999999999,20.064809999999994,144.22919999999996,101.61511,-4.13781,-103.23579,97.98771999999997,19.354690000000005,139.38393
8.195537263934876,-9.36037906771523,30.808575648176912,-9.665541609040709,11.155157827681121,-8.89190197018103,-1.1725189130027567,-14.628799725491042,28.8554909901524,-14.720590235863293,11.885898378516966,-7.881666150671156,-1.1725190463362802,-14.628799608712054,28.855491508745892,-14.72059084204384,11.885898516928284,-7.881666141164279,-0.43892824069265357,-16.6617483957059,9.563346952573367,-35.72837588062255,11.711998513738214,-5.66741082034852,32.62909294694435,-2.883514626578819,13.22019717331826,-4.518525752166518,6.5222328390400195,-10.551184639084603,-13.593039638969596,-2.185410548422932,-2.6505701162631614,-18.85147818843821,-14.721805112280242,2.185197947093716,-23.768234496465833,-10.534159628903579,-2.7583340135053267,-46.51364802113186,-8.673440020002793,-6.602743782525641,1.4942997314567097,8.577536330909258,-11.7854025345028,22.662869322945074,-47.72889400893445,36.180726511602316,91.69200812108363,-11.931151106182867,-100.59651342455956,81.16028709761159,19.402611789702853,141.73584696798162,105.83892682197424,-3.968146425174765,-99.72103133897517,100.21755817004816,18.196120866372837,136.9337327514201
7.254097015681078,-10.941042001150159,29.907774100918317,-10.85946935468076,11.17500661763712,-9.177858489705322,-0.7574721151928557,-15.273824629946564,28.086800622480087,-14.951306039911296,11.793913035174645,-8.36282729961179,-0.757463221415471,-15.273824924317823,28.086800628164,-14.951305390118995,11.793913036697642,-8.362827449084067,-0.8052508638572141,-16.19539706315332,8.789874620334144,-35.705497175925736,11.961689631189804,-6.056847333984377,32.30025152017856,-3.1830313680914166,12.50784227406347,-4.660341712826201,6.2718108733047355,-10.82011896686339,-13.770269647062161,-1.997080724957055,-3.1909511638920645,-19.054634162613834,-14.229759843386745,1.6147942580338732,-22.733374502416456,-9.23344893594781,-3.3865105713104033,-45.38061061081401,-7.2346785319279805,-6.672491362147968,2.788424689844204,8.66725547002798,-12.621018247795671,21.223911685868938,-47.82863867081041,34.63542006686606,95.95214956609284,-13.212483597378064,-98.07772350526538,81.91673669533877,19.639479866699315,140.40821175588545,109.2049786363756,-3.1261452349533543,-97.37715145077279,100.63763619174773,17.637976520226466,135.7110880470949
7.497165785982719,-9.36032168675052,29.41381841441165,-10.298029237888748,11.272742291469875,-9.42038867734927,-1.4332333311604437,-14.119213284099661,27.591912306902962,-15.64775893596957,12.091625482223346,-8.336373321838371,-1.4332321974705222,-14.119213013897854,27.59191230694897,-15.64775068662704,12.091625482235637,-8.336374644304572,-1.09631132437413,-15.934044245869442,7.88841840612162,-35.75112320435159,11.852248410248764,-5.912919703733796,31.910995232084534,-3.5062303766674052,11.62421628545789,-4.90754273706049,6.17071707383201,-10.548112733140218,-14.09862014293277,-1.867780731872735,-3.7648349744275853,-19.087873810800282,-13.822733728573228,1.4441869507919038,-21.935807549610004,-8.75907349834602,-2.683281684427434,-44.58968018759661,-7.064382205526602,-5.842346545753167,3.6914266674461773,8.937085143476622,-13.031487985854492,19.118889203299425,-48.047934136543475,32.539068395965806,99.17116251606048,-13.935036734551298,-98.17834767765694,82.90322807376899,20.045709714281642,139.7910339079746,114.17653361623042,-4.653441786088919,-97.06251374132256,101.04831881190535,17.833085797767755,135.10442873682692
6.503446002546462,-9.58956389073852,28.616939374353812,-10.75207438096263,12.262082895701091,-9.411997664675633,-0.8541273823152624,-13.410036441405452,27.14738478680509,-16.244421082830854,13.093141605352777,-8.205691307417027,-0.8541276050934664,-13.410037076455321,27.14738478680525,-16.24441111136237,13.093141605344341,-8.205691316383595,-1.5574743817188474,-15.762978369883287,7.1757514611509405,-35.604485480380646,11.594546330636847,-6.43776845845219,31.578260330103717,-3.7978469224432763,10.991088058387836,-5.336126198200334,6.157168454714527,-11.026114222372225,-14.274864282385703,-1.929639056393769,-4.139156748478887,-19.372105114213205,-13.12042874333993,0.9644824522650423,-21.25381498538052,-8.363492519390443,-2.3546404515989083,-43.90153503157558,-6.824464823091172,-5.386741998280409,5.1634789588848955,9.261013377726185,-14.106031646893506,17.381804412501314,-47.62449321835592,30.905244901616737,101.59980796002385,-15.181006965060199,-94.34203186687476,83.78956472116941,20.575637889341095,138.70914072605947,117.08740620690975,-6.856500457649569,-92.54857370899356,102.91311472282047,18.84953078065169,133.60973293432502
7.067582557517588,-9.303119181260989,28.614160841940443,-11.720610731297526,12.29248971787886,-9.587498472356279,-0.6865668466485441,-13.327701342506145,27.089474514843335,-16.49619903554077,13.036229047921951,-8.53994823283254,-0.6865653305675102,-13.327700995758399,27.08947451480854,-16.496196061774146,13.03622904611316,-8.539948232900413,-1.9205168498969662,-15.396337847656573,6.241047603027088,-35.5831565932059,11.597198759290889,-6.968232790178543,31.053130686003687,-4.139883687190755,10.072340617568742,-5.685691878704867,6.169515998982381,-11.564845525071645,-14.441733880435214,-1.5836352045116762,-4.761806017576522,-19.476798547136347,-12.582400053311158,0.11578223041362173,-20.21138584957583,-7.850071276623465,-1.688169123108784,-42.8581189097011,-6.604703154643031,-4.574534512885624,5.618576777425388,9.345360239061314,-15.210748178153858,16.173351881333208,-47.237474259461735,30.005782917361383,103.97243292856558,-16.515434720630058,-94.64160349550248,84.78439817400603,21.677258815058416,140.99262463977624,120.52057051876533,-8.180320532304368,-92.352926338773,104.0686638993281,21.520296554260103,135.24545013388612
8.562493807667272,-6.931423088051678,28.42957455326876,-11.45871979181253,12.102658566912671,-10.230820064927961,-1.6367799399272704,-12.200427563234925,26.728456337407604,-17.651745195717442,13.120896142635901,-8.87731650607563,-1.6367739172151972,-12.20042852757642,26.72845633038955,-17.65174722051492,13.120895777832375,-8.877316507956472,-2.0840275639663925,-15.332393223736146,5.451930661032298,-35.67295460241509,11.847673251366626,-7.2308531430572,30.53561926355716,-4.446750850701757,9.266955833431432,-5.760780816806938,5.938423393992802,-11.740224721139388,-14.916689231530855,-1.233208558068675,-5.488415002678463,-19.805531324773977,-12.002108569978857,-0.6057629662512318,-19.33955871462675,-7.498842077194779,-1.926641540197968,-41.96374960659579,-6.1895676489821945,-4.658012463729736,5.165286140234084,9.700795674304665,-16.786675881072995,13.875485059538653,-46.37060141743897,28.578256383104303,105.38458837472221,-18.34218611777693,-93.9758248432679,85.41327129991065,22.615770605965356,137.9060579403334,122.31974996301118,-9.010227818507943,-91.35543764731692,104.18920148131619,21.478455029013706,132.1361668202988
6.028770152058135,-8.224285417175805,27.957714334683928,-13.490288982238784,13.149682521625524,-10.534536102500837,-0.5707766407884051,-11.596866538995748,26.820286885715106,-18.057457148882428,13.933049605658358,-9.464656913499548,-0.5707666632294895,-11.596866178384674,26.820285525579635,-18.057446994228144,13.93305071426468,-9.464657277946564,-2.471043613728887,-15.08095041486481,4.597637245590973,-35.840129982160995,12.004398840944972,-8.577902210978072,29.887456384666343,-4.738020871315284,8.397952483473958,-5.858463004471218,6.008123849725006,-13.353113685475355,-15.14133265733862,-1.0043253765474596,-6.216205834410137,-20.079127882333665,-11.553558642029536,-1.0164980211565493,-18.161624309938993,-6.998286243766771,-1.8113177397303288,-40.769136954594174,-5.771495413409458,-4.358287911611372,4.364577523158981,9.808954248421447,-18.46300393365561,11.50766978503658,-44.718543664462054,27.546743994375475,105.4823198728968,-20.09464277294582,-94.70322542144744,85.77173735275366,23.647732933306838,135.6843885878173,122.97923547129335,-10.055851602199224,-91.68349668010949,105.24868802007744,20.020543675649844,129.810285540982
9.793725690929156,-5.4616692343659565,28.098177123067412,-12.293318362602479,12.630606124824615,-11.686812243742743,-0.8336494118252278,-10.917401476124644,26.57833635182859,-19.47104048840347,13.972384581383546,-10.033156344824194,-0.8336396961317878,-10.917402350924649,26.57833668047355,-19.471036134839885,13.972384587613188,-10.03315511826962,-2.291195420597191,-14.788889393929077,3.6116307905460427,-36.04055137452459,12.333230116235086,-8.812843739497733,28.743797949665197,-5.24993141682462,7.33279951932061,-6.051828066490546,5.9267228824937135,-13.580168977329297,-15.655392646887323,-0.44724367037788765,-6.609031706337072,-20.252420993023744,-11.065018852362613,-1.5803298355477797,-17.230121989611092,-6.980688526439968,-1.8011978126978492,-39.83724973386396,-5.759110896539996,-4.342171393786007,3.3789235797380184,10.223645892600867,-20.430324052303632,9.236417900330638,-43.06383022062168,26.88904338879159,104.880440935621,-22.13788346263314,-89.91547054161943,85.85171941626952,24.653085116957584,129.2294389567634,121.73623182016048,-11.526156647449586,-86.4464839141346,103.3230027517338,20.607674854422655,123.65590901561522
10.943067652162181,-5.114912988741604,27.57148009000536,-12.362681067452186,11.983644425169043,-12.828222846125607,-0.021183766014466834,-10.624307651001196,26.064041069061886,-19.65399345547633,13.500415976098703,-11.217784149889788,-0.021184715448700497,-10.624308970560861,26.064041070875092,-19.65398945205086,13.500415959314473,-11.217784136801006,-1.7739261095030219,-14.323976567316386,2.1255820076975054,-36.071143148694105,12.818299309840576,-9.146682131565205,27.425946139845202,-5.950252886476109,5.732115741852805,-6.463083502426568,5.9220391473950675,-13.871131832807073,-16.429712917837776,0.12368347005803834,-6.873694789458825,-20.562906545563795,-10.49589393122414,-2.071591367142579,-16.19163109304096,-6.625006055025755,-1.899170272108179,-38.78257434251375,-5.393361889884368,-4.295083089570045,1.7022841415955619,10.507602793784402,-22.14345516192356,6.587446799968286,-41.43304240363092,27.422873604871135,102.79400664908685,-23.839573294065367,-93.25342101092703,83.9040572176851,25.706256957125444,127.66638107778087,118.69856257847276,-13.851110775371486,-89.41697116350441,103.34205611543801,20.029653245589763,121.56016792967864
8.16687070929938,-6.219704606477889,27.764608791945438,-12.288477159685518,12.311278399700049,-15.28427665012923,0.981583048738492,-9.89100716293546,26.75603600889253,-19.659631091791486,14.161407396438207,-13.594086590666583,0.9815833563986355,-9.891007176019347,26.75603600890221,-19.659624384463072,14.16140374914433,-13.594085482133561,-1.5902938287296995,-13.986988412027442,1.7656886837026968,-35.8006549107726,13.404441987878283,-9.837937018579636,26.332462022672704,-6.573596059883926,5.456655899124486,-6.9000905728095345,6.163133004809992,-14.62488890812759,-16.242728081763232,0.633486766497176,-7.55606619500395,-20.8666591977832,-9.90792765669225,-2.5103605723459643,-14.63299284603219,-5.970857032589765,-2.783045301653938,-37.175229123162396,-4.452155122601664,-4.857391643032855,0.1686135863060673,11.047927682204937,-24.796912058692982,4.374606257384035,-39.853713737555225,28.99568756951156,99.26635123701074,-26.361126419746995,-90.12268332471412,82.07947772972662,27.817583535125586,124.84134220458176,116.96691497460765,-16.875854007639333,-84.83013806727286,100.28483614351714,22.701964371555267,118.31771576983591
8.552735268710167,-6.093530623615408,27.293508493475333,-12.609979247837108,11.271666461857643,-18.133931516396046,0.9705159354741985,-9.886994511141516,26.237678638324358,-20.261633069298245,13.603682061121166,-16.48326730142729,0.9705277728755712,-9.88699553181446,26.237678638324407,-20.261629806581364,13.603674008852128,-16.483267684818394,-1.159638083436504,-13.628664939739005,0.6065956187065459,-35.27291569768457,14.308286203535472,-11.57528837365238,25.401190047122476,-6.739361176095627,4.0311115157267885,-7.352676531242917,6.423923722203683,-16.493920974032303,-16.953829522496633,1.2064969573831377,-8.136585732295877,-21.211877294472224,-9.380793333497815,-2.552679917972933,-13.482198497916487,-5.508387066649395,-2.6649831286495345,-36.01494561146954,-4.070020583997516,-4.570845425137493,-1.7738949542611668,11.209045795691907,-27.052861306466777,1.402924488290458,-38.045038227460665,29.969558751071858,93.97152264712898,-28.275618343423744,-93.44088877163004,78.31170372392246,28.185179014899838,124.7020332483809,113.16652880181387,-20.905989993334163,-86.50725547407971,98.07567199092585,25.404817056726117,117.09207089842764
9.90580540594592,-5.35051974890797,27.258894325653664,-12.82835552639742,11.22102327173616,-22.57753642623018,0.7030204155661011,-9.937876165034773,26.030687093733484,-19.04795226495035,13.66573114968133,-21.23599670424776,0.7030203041221307,-9.937864735951742,26.030687093733484,-19.047945900757398,13.665731929960486,-21.235999970396577,-0.8550100119925881,-13.320789609668497,0.13304484185392143,-34.813236152660544,15.110964674740575,-13.373309973663812,24.53545892660022,-7.027198316490274,3.470105684000789,-7.932247183624945,6.546295040554354,-18.309368349055394,-17.078303182178427,1.9301291422669433,-8.965524927497407,-21.46101674962409,-8.879206583738295,-3.4412685570726356,-12.778040545317065,-5.040246847930863,-2.680290169402847,-35.29826882903476,-3.6317686471170085,-4.405206451432916,-4.128403365999072,11.23349489352712,-29.397503577902594,-0.9738159257775677,-35.91546288952776,31.50954739862579,88.7749946566411,-30.2705706770676,-92.7656523335194,74.87091690796642,29.106593573213956,124.65051090470052,106.57176205490838,-22.72905797376654,-85.78925370837791,93.84664972652094,27.30652796658557,116.80719559212493
5.057224528926935,-7.287421218013989,26.30550107698154,-14.999680245869273,11.39059058048923,-29.244477400725568,2.0057766294816215,-8.767753057430767,25.879170889430394,-16.242630763717866,12.068466159878865,-28.991751654668374,2.0057880394867325,-8.767754040869187,25.879170889430394,-16.24262005162079,12.068465883783295,-28.99175156871921,-0.8170500664700999,-13.024195968781305,-0.33920245678168104,-33.90626812199702,16.13545559949758,-17.439496539174225,23.862135441922923,-7.441694435212581,3.0353726479980487,-8.558193645470762,6.497146500562667,-22.406921369596823,-16.914159877032397,2.2646691258323406,-10.436965015563718,-22.025735590618964,-8.007767830491984,-4.3929426318049245,-11.852975193097222,-4.500539912663152,-2.324736459348105,-34.37057765752592,-3.2689037855174026,-3.870223408630209,-5.628357358037184,11.455015273714327,-30.91637668083698,-2.1151579230102517,-33.89186541737533,33.13360779435906,82.1348649880856,-31.061298522832683,-99.83931433487048,70.54230215025756,28.83252064491379,129.60161004469188,101.69414105181792,-23.68855238636534,-92.08414967648538,90.57751284328292,25.65291902750955,121.81317026028745
9.611425954450523,-4.815739745130681,27.308909733400075,-12.693650796829964,6.502282774990506,-41.461332459109364,0.5020168418748909,-9.381837502342105,26.180610796386418,-15.503176610746944,8.946101765206151,-41.083518200277204,0.5020275924298907,-9.381828127024413,26.180610796386418,-15.503168178688178,8.946092257000894,-41.083518199900745,-0.29041921689248307,-12.862630748510442,-2.0120634919991467,-32.531021434804,16.543664686582318,-19.775139778219742,23.746194721207882,-7.625984941725507,1.197395925432054,-8.778287920582274,6.562454266938904,-24.542687149163058,-17.692648584649124,2.5175467935973916,-11.837275650065855,-22.094901647264745,-7.196035570615877,-5.200849649866579,-11.223917091282152,-3.8973714228604224,-1.9286301971289541,-33.73860289218807,-2.8629969995482396,-3.2734626114986667,-7.157521810158988,12.023820902049511,-31.973149915918896,-2.5405632178190096,-32.00793448807989,35.20871254087843,75.59325672919348,-31.219405429349926,-107.3715455749487,66.14255970333201,28.72755256708685,130.13503265170266,95.20052976062415,-24.151396967124278,-99.64396311385248,87.75350583424928,26.69882243563636,121.61635879233535
9.341322892686046,-4.406189857497648,26.49738360272157,-11.400010051160534,2.4750950795535123,-49.383029069366266,0.4828605064093945,-8.706238797460047,25.483178512460928,-14.53162373159979,6.102848242509175,-49.14865586479242,0.48287071960534494,-8.706239077851881,25.483178512460928,-14.531624425274932,6.102848907170015,-49.14865586479095,-0.33529690664503065,-12.864638087502684,-3.1703784958781167,-29.962141518336892,16.409169613470624,-23.657686832775184,23.64607240342505,-7.9120982392149095,0.056701860678463,-9.636424977883998,6.303642121057712,-27.643219210835646,-17.953926115997074,3.3796036960419062,-13.229801539845473,-21.916217437650214,-6.355495365154309,-6.098355574697947,-11.472427602143865,-3.1737294456141654,-2.3223568463909645,-33.966522916573076,-2.0440461528975717,-3.3596202768374592,-9.096139501409594,12.222720167846049,-31.61923824963335,-3.0023168947148204,-30.56974898065059,35.85490885216414,69.44543271658877,-29.87737795712248,-116.52256707565068,61.78933980193743,26.91304364027836,135.76704687815615,88.55557009016215,-27.43464482785903,-108.40436324441967,82.81056659591108,24.96591063529335,128.07470939115157
10.165754140087785,-3.6237861417960127,26.12517455407145,-7.927052775435685,1.7023243105321708,-49.49805347734283,0.5388408140176941,-8.229143348836901,25.12805141289143,-11.554683368822468,5.924336704467679,-49.25655082730417,0.5388505798372658,-8.229143197646529,25.12805141289143,-11.554673831240732,5.924336760098451,-49.25655082730417,-0.622669223778798,-12.422651617231642,-3.6552399067145847,-27.892511344523893,16.322561782185268,-26.449513779042494,24.22923869039975,-8.354212984306267,-0.15476910929233803,-10.783874135751034,6.35908453554897,-29.70806900620419,-17.91269361913171,4.254083048654206,-14.154145523016473,-21.90528558696935,-5.796096348030005,-6.819775477415214,-11.4825344818986,-2.213965263156633,-2.6227423813090707,-33.96007659372651,-1.0424914720953697,-3.2697686307550935,-9.733697993826231,12.17140816605497,-32.087925578339295,-3.2938487131727467,-30.00694058887676,36.800340554166745,64.42005675533755,-29.183463646047613,-120.33522548387931,57.96225474405748,25.615776746397525,137.0140725786006,82.37249702523958,-28.922680004162768,-112.44621605381606,79.95910837807918,24.20335624033284,129.42336931644536
10.0427,-3.58136,25.595719999999996,-7.539159999999999,2.85841,-48.86789,0.4071000000000001,-8.08434,24.613429999999994,-9.690860000000002,5.30976,-48.714589999999994,0.4071,-8.084339999999997,24.613429999999994,-9.69086,5.309750000000001,-48.714589999999994,-0.94066,-12.30274,-4.32435,-26.868249999999996,15.763469999999998,-27.342479999999995,24.976430000000004,-8.506739999999999,-0.6676300000000002,-12.271459999999998,6.6763699999999995,-30.05015,-17.8042,4.893220000000001,-14.70841,-21.42715,-5.22314,-7.487899999999998,-11.187470000000001,-1.9835,-2.91908,-33.65702,-0.7163300000000001,-3.45534,-9.653280000000002,12.39825,-32.18347,-3.8066299999999993,-29.60823,36.85803,60.94403999999999,-28.130550000000003,-125.90742,54.912659999999995,23.853660000000005,137.77649,78.19309999999999,-30.86809999999999,-118.06437999999999,74.25984999999997,22.43657,131.4899
8.599663745008721,-5.521336744748501,25.679542438555636,-6.153297728265869,3.8817455631491447,-47.683498038751246,1.351659143689965,-8.91356701631373,24.767287356927703,-6.975764826346459,4.78155458601242,-47.62136828887284,1.351669090926601,-8.913557086623213,24.767287356927703,-6.975754471185857,4.781554482323518,-47.62136828887284,-1.156491441308533,-12.293271708145173,-4.26129776305896,-25.95252802832501,15.053728362822975,-29.167876412348715,25.500137925871023,-8.545954258516595,-0.4724522356314448,-13.608136971860112,6.771439301938602,-31.390215077260653,-17.19428029372673,5.165007949495887,-15.18403604238834,-20.89198514755888,-4.6886617709306995,-8.241156648848937,-11.13664082957233,-2.189678255449271,-3.114855434368779,-33.60255760622765,-0.8320874567283715,-3.714956930936976,-8.973157399918806,12.776470865769607,-32.77482022446419,-5.1860628546809595,-29.804757946571975,35.419812735673666,57.1374894176314,-27.108982673919044,-125.79860869229125,52.2561017741157,20.93219435037989,141.3841931763194,75.63003822775191,-26.544403849033127,-118.51771154829264,69.03075905067406,23.344951057769165,136.09181358966134
7.342267065043599,-5.803822063662724,25.067122878572192,-4.696781858032766,3.1418851764591524,-46.03030086295104,1.273156338191077,-8.574593278716705,24.306608800681502,-5.827493802956466,4.310118900837204,-45.9568139316792,1.2731659361134353,-8.574593095567783,24.306608800681502,-5.827483885285206,4.310109246731949,-45.9568139316792,-0.9427274974612302,-12.1102698420919,-4.559475234822136,-25.05513076293585,14.516108053346695,-29.56867466499369,26.22330294540247,-8.736446127638105,-0.6371683707609662,-14.225050444463147,6.760128555965179,-31.43331858162383,-17.015730400980615,5.216994136310186,-15.42942331256486,-20.472370047649303,-3.981369922013979,-8.57417929929712,-10.609924534973812,-1.8399719734931823,-3.7030359676806297,-33.05915886877103,-0.2843546737096516,-4.124631446039913,-8.275416351329355,13.873906648146448,-33.39792718591006,-6.490593929506271,-29.395011366384445,33.95947286611504,54.12759608412884,-25.98847181422049,-131.2309305085689,50.012244222105,18.44327642308395,142.9341175890793,74.85631191056181,-27.025102847100747,-123.30799518542422,65.49458875006628,19.832898397495466,138.78455293028404
7.288165377192309,-6.8133537912368825,24.961950178198293,-3.353943403282026,2.7419476868088526,-46.06764711361663,1.3964254135422627,-9.479346782766335,24.126027289222243,-4.640993387324703,4.073821099414998,-45.99114825540971,1.3964238444507835,-9.479347246878971,24.126027289222243,-4.640984561979698,4.0738195932331225,-45.99114825540971,-0.2937694098232703,-11.612190622527883,-4.7971524961183665,-23.9504821119249,14.532792510407395,-30.548594703279946,26.612707616662817,-9.02832637585784,-0.7985277273257154,-14.47369044614949,6.7857047591402715,-32.12445214278328,-16.578857682579496,5.079826859586826,-15.686133200554481,-20.405957595512586,-3.353298218439834,-8.965926054447522,-10.013594284270702,-1.5073148261010998,-4.446979558028221,-32.44099014305576,0.30694493967819453,-4.684973229477197,-7.659801411586255,13.977695915190012,-32.899690515258065,-7.844709361640252,-29.080556279997985,31.864947935013483,52.754721434234085,-24.546231283759017,-135.64258248626817,48.30113350233058,15.686466078919644,143.3906987454868,70.49618429082125,-26.420203430771288,-129.0468152779717,62.365814117044074,15.506483089946906,140.3719639307434
5.879888782965709,-6.735504597017764,24.351593514965785,-2.756127927844038,2.504774151740828,-46.734199779255,1.4551398794065082,-8.693737855072508,23.757531737040633,-3.414118017396699,3.20259564099044,-46.70142145275633,1.4551518362249403,-8.693737858355654,23.757531737040633,-3.4141079021165033,3.202584909013209,-46.70142145275633,0.21581669905003023,-11.296374982638365,-5.261243670780382,-22.992515936509093,14.311432107677795,-31.14723562269312,26.97134779491729,-9.39291541037721,-1.1600136184964613,-14.340465059269969,7.164973695431559,-32.61462368749572,-16.08231207984288,5.10221045253802,-16.309700741743026,-19.94438167029833,-2.7760309464121375,-9.392889536432541,-9.42352703829713,-0.9547906744374914,-4.31493092770593,-31.85688066289279,0.76729620763814,-4.35210717814722,-7.722407226387977,14.429477438225911,-31.523434708690203,-9.539390797865803,-29.05962576435258,29.70362911504672,52.797574985552814,-23.011856962738452,-130.62874608567543,46.15667841459545,12.736588314165948,141.95462425598444,69.41712821067794,-25.88134969905754,-124.55337003252798,60.46559165364284,13.244576986371277,139.57410755039106
7.432665225030421,-6.606819386862556,23.798522936498866,-2.244807342988113,3.794213122622598,-46.70103395787694,0.6726013049118047,-9.496433129744545,22.85023045138547,-1.7961807510900563,3.3188532033163765,-46.72892016500002,0.6726087671159806,-9.49643312975667,22.85023045138547,-1.7961770300022533,3.31885008446459,-46.72892016500002,0.505753773634688,-10.818378765511287,-6.5355653896316035,-22.169362663447014,13.81018811600477,-31.303937644778234,27.67773436781789,-9.439344386065146,-2.4981964298069195,-14.320359719217649,7.7278794423356105,-32.68354433841758,-15.899492230548429,4.945301532837253,-16.963836014889196,-19.412767648466925,-2.6192354271422333,-9.303190360142665,-9.447473929218445,-0.04559646499220531,-5.171832184602613,-31.862846214182042,1.934606902999819,-4.797500614855281,-7.956909610873172,14.947854746971128,-30.524119013027427,-10.510608687164801,-28.945011447386804,29.013905261330112,52.49334086252773,-21.76315046754008,-131.49925486702256,43.49587301230691,10.6345651942916,142.6086829374537,67.94198171379063,-23.404016360998703,-126.35496993857002,59.610008572057936,10.74229551199005,140.69789495589563
5.7962216181627655,-6.0182756706416605,21.106663229291904,-2.317332014679207,3.428816066236516,-46.24424260824289,-0.8222657737518987,-8.500205583056005,20.26962488274354,-1.2913099738828597,2.357572769697917,-46.296025364200474,-0.8222619075372922,-8.50020558117825,20.26962488274354,-1.2912988246069785,2.357569709523976,-46.296025364200474,0.24247560564694637,-9.953331546499042,-7.487096749570748,-21.414156266238635,13.795761953135429,-31.730018199162988,28.755814423597446,-9.541118610897902,-3.3353457565858795,-14.303007609844082,7.72635110783737,-32.950401461582025,-15.398740999969805,5.2797526686657,-17.66186885613773,-18.877468399472875,-2.3885508375246185,-10.054465747702075,-8.8601383375037,0.05474580750199259,-5.7926865151750135,-31.255919663320356,2.26401757480341,-5.333602783969544,-8.961325108937405,15.677397121539675,-29.445262359682236,-11.36548655617172,-28.575119846585615,27.449668589730038,52.460195535304166,-20.836140433463928,-130.4131576326774,42.185177613384695,8.663447443664678,139.41659604028877,68.02171169845789,-22.123583308406506,-125.5292204830658,54.35671885492181,7.50664806642193,138.30863556823462
1.106146055211095,-6.697249359475277,18.435003898845313,-0.4161963910649721,3.4614639093262487,-46.23357401199507,-0.8574086654539156,-7.342180708116995,18.19502174334621,-0.18345888851824277,3.218833177022797,-46.24714734327057,-0.8574051676713026,-7.342180344172445,18.19502174334621,-0.1834565836264971,3.218835332448181,-46.24714734327057,0.3082799460282014,-9.580111018573595,-6.843630245915068,-21.069823334467863,13.651343143388303,-33.297868813974326,29.291038621840265,-9.278301983839087,-2.6854194986883235,-13.904091573710085,7.582256571829692,-34.532715549914116,-14.636176084166994,5.128849576183613,-18.18504951996355,-18.492411423985,-1.9189367690525583,-10.65165812495602,-8.572154751209206,0.6310068147451713,-5.838505183518123,-30.976066279251064,2.8142507112728623,-5.156192177044368,-9.097106661649248,15.927975165301747,-28.394057489827365,-12.147886545135066,-28.429873472402207,26.540576432763924,52.7925044230121,-19.867858396047488,-129.8500962832187,40.26884597564065,6.831729923308725,139.76717973022764,66.46304633838919,-20.329759954845205,-125.82374579306723,54.162079201780784,6.525274544418142,138.96704287520282
2.3986788786716557,-7.59784601054275,17.82322688013037,-1.2146130921718976,3.978308529709048,-46.020448437286,-0.9076418692848846,-8.635883065975705,17.356254612553055,0.05502572824937334,2.663034898704617,-46.09400646514084,-0.9076412346931675,-8.635884386610128,17.356254612553055,0.05502644355581541,2.6630355423756824,-46.09400646514084,0.8584109768836864,-9.26728795145927,-8.14214616576505,-20.909018545953277,13.697870125689434,-32.550280727942315,29.214198141682406,-9.20996021196325,-4.275888798086649,-13.537106611997613,7.506975499241442,-33.81045157112785,-14.164498549345362,4.92947576256294,-18.53463280158718,-18.048610404898824,-1.603882951810452,-10.942034588168498,-8.478978923204712,0.623630261198773,-5.946934519565193,-30.87898825921049,2.8487536675926353,-5.2593649427875935,-9.13960696078042,15.767188235994553,-27.469586886115657,-12.4744371259809,-27.795822871054458,25.62699472923972,52.87118466540435,-19.009505395506796,-130.0169884320092,38.792596415006834,5.330282260299119,140.35500394064644,65.71183238890936,-20.42157023283456,-126.24848273207806,52.25055871795634,6.072397012526017,139.80241931145926
2.2728060204553175,-7.3216635028725054,17.366929624951677,-0.9349012771060796,3.3255801069981947,-46.10679812041154,-0.024115131300137378,-8.027003535657524,17.060138957235335,-0.4727179514143711,2.845655552655342,-46.131658297973196,-0.024104534311022746,-8.02699713448398,17.060138957235335,-0.4727149576128916,2.8456577451599405,-46.131658297973196,1.6615558070621015,-8.954293159406648,-8.615722036552086,-20.837494693337835,13.914524952871007,-32.572761286491364,28.526542984518155,-9.472061684100654,-4.858075949251276,-13.175220404500395,7.275231675059338,-33.862486104928486,-13.642247123891908,4.623605786147179,-18.683790540513925,-16.993210424150416,-1.3812369364565371,-11.081997587545894,-9.042229176007975,0.7424493284733344,-6.160103156040934,-31.43696853142631,3.0398364459847795,-5.411365072820156,-9.011437314656552,15.795815128838449,-26.65833493919419,-13.335996540839444,-27.098891341873664,24.39593915894463,53.16660514019475,-18.23090481455501,-128.50859188435814,37.2274809122585,3.9117173894026527,138.93791580886133,64.05648520359854,-18.97256934331057,-125.45329740406176,50.396855641893424,2.463142528227426,138.92023620760253
3.7237954996246607,-6.619892341731482,18.05729295383565,-0.2075716722185959,4.200541674951482,-45.919559965944686,1.2752655796514623,-7.405323932522716,17.758299978375177,0.35269289361650735,3.6229525736894725,-45.95778236343965,1.2752714199894464,-7.405318852291135,17.758299978375177,0.3527002063533878,3.622953401035412,-45.95778236343965,2.743383320667722,-9.018291191375763,-8.91844502046358,-20.940204967580307,13.819964159964114,-31.786148273168095,27.454778644458873,-9.571046045979912,-5.412138591613827,-12.934863184588895,7.298669700702607,-33.14523574307017,-13.367742896037702,4.289892944700525,-18.69107129886101,-16.299216039221957,-1.35721845211597,-11.3282476309065,-8.648600773286935,1.2248482272935282,-6.83631595374194,-31.028783081209284,3.7433801547431433,-5.853570386666412,-9.14119736973227,15.681060993981664,-26.01467114724701,-14.602124474584443,-26.472901755547394,22.476714119954256,53.01346096446995,-17.59487289885541,-128.12517980559133,36.440810248020476,2.6568965112417655,137.90214357108704,64.14800469317919,-18.053114625233743,-125.16599169271812,49.575990536674524,1.8066917780267504,138.12337416559308
3.662129807790842,-6.13184501709048,18.039874488364593,-0.6379017325366442,4.301745130634752,-46.05598152752075,1.5679092401458226,-6.804865170136039,17.804060972245594,0.08276728619549266,3.5551083733290016,-46.105345488962975,1.5679166628437198,-6.804858649494975,17.804060972245594,0.08277909882280211,3.555099957608085,-46.105345488962975,3.5383437520628243,-8.970253900437546,-8.654168242812627,-21.032500318908568,13.932102019026717,-32.676095506442906,26.665381354052226,-9.89759730877634,-5.187509940041138,-12.62325892711254,7.161751407456922,-34.11890895744108,-12.963902968158562,4.3845084012287385,-18.777201888792895,-15.57187950859478,-1.0331831428510125,-10.885019646598133,-8.491357694195548,1.0432600035178248,-7.29631829329506,-30.848266463625354,3.7504773585852225,-6.3490384977084915,-8.674960160814063,15.898644967531562,-25.977893246223395,-14.980286114744937,-25.248432239410477,21.368525034994445,53.08411125312752,-17.304422208666374,-126.81230487379358,34.17331902012275,1.0758240533228671,134.97097147134357,64.4515129874928,-16.599023894100046,-123.99766862694973,48.70505737737742,-1.31929799979466,135.9065013843121
4.0402760536335345,-7.782257615785617,18.017508620115667,-1.393608023143102,3.655806878476877,-45.88865886566894,1.6167074561631933,-8.554711354296995,17.673043261492225,-0.45372877802804296,2.686879689878113,-45.94066845943056,1.6167181944093345,-8.55470424135168,17.673043261492225,-0.4537171614220932,2.6868809768776796,-45.94066845943056,3.8711113128788597,-8.881645913389438,-9.3806858544299,-20.871304979500362,14.08428528105618,-32.14737431726513,26.64294573799329,-9.553501564210999,-6.162065387072141,-12.377711608653584,7.104626729790711,-33.5897619268854,-12.623183378331095,4.3598940023662855,-18.909122026727477,-15.285504914275668,-0.8751341288589446,-11.065437643876875,-8.42011740926545,1.3456369243455022,-7.5966330690444055,-30.77206475207254,4.144321796256872,-6.512100807882777,-9.02942586640581,15.478676141280122,-25.224691093686207,-15.897193144132553,-24.77378723986645,19.50104423095185,52.78588642914267,-16.70333030033084,-127.59525565344902,33.094512452846395,-0.4874098444751651,133.18033958972916,64.74327926577499,-17.139382524167537,-124.6370914532212,45.89204011514273,-2.3329004833933413,134.2109665620366
3.430038858603074,-7.493380584782791,16.965164598637006,-1.2681276964006538,3.4659007616549338,-45.89704142716417,1.5264086454696872,-8.064178062694761,16.707483472218623,-0.46365351402285077,2.63635122606319,-45.939866386734245,1.5264087150427348,-8.06417804574932,16.707483472218623,-0.46365093373435445,2.636351913563585,-45.939866386734245,4.255985893682776,-8.943867794111016,-8.86517044575555,-20.696433177769872,13.932768607878229,-32.49766406581506,26.489719269318062,-9.483980737636939,-5.701122448812452,-12.211556007087374,7.070641344910471,-33.94080887104658,-12.36486221268497,4.229233390838666,-19.25689048286322,-14.850057098193432,-0.6578212699719953,-11.189365039504585,-8.58689538738626,1.4877813550087717,-7.298693718847212,-30.95540605399653,4.162474055089506,-6.1817060389315035,-8.744156984355518,15.44982336885879,-25.134721355367102,-16.224856724343525,-23.165286662963265,17.62632349105066,52.32660869638291,-16.29602554160951,-126.60675342774775,31.706430261373992,-1.725730228283659,135.91614408126367,64.96188692529262,-15.280160465681117,-123.79889727710517,45.32175287447524,-4.5820526779656445,137.42597028741335
3.358923148048946,-7.525859442853959,16.606871747132434,-0.475811964597522,4.190957175865413,-45.83303057787726,1.8976464614994017,-7.955023935490681,16.4100454055521,0.32038532163751005,3.372271451743543,-45.88554449608969,1.8976565771068736,-7.955023935416463,16.4100454055521,0.32039539753734436,3.3722616641422163,-45.88554449608969,4.33075981856436,-9.004704613558522,-8.598702489110945,-20.207317689367738,13.417429973509511,-32.92337285194367,26.43793922222361,-9.331781155042519,-5.489965302932683,-12.457548218398179,7.41707065267865,-34.26328292416844,-12.09580593731995,3.9679035049593474,-19.4626317107201,-14.35764961126608,-0.5580198591243112,-11.140100622938572,-8.88007267204698,1.6958365483460198,-7.992538610624623,-31.224683346458086,4.618706225370714,-6.745675822758845,-7.644243185902588,15.45335460808831,-25.767432657804683,-15.926544144203401,-22.705914032404156,16.487686023707905,51.23316734839062,-15.94670109346903,-125.40419507297025,30.731710652723894,-3.0856607420944946,130.57562975816603,63.324471416797074,-13.572824568143947,-122.93555043571043,41.19376971861835,-6.376312796443036,131.90485832545562
2.899134195945616,-8.240932745483226,16.11284362580485,-0.23577024688807546,3.5436223929748536,-45.81936033302693,1.917640000231479,-8.520128778600318,15.969803543407242,0.37276947862257737,2.9180401695116194,-45.85365413724316,1.9176494610416241,-8.520128778600585,15.969803543407242,0.37276922416156494,2.918039798556929,-45.85365413724316,4.513522919278263,-8.898465548614094,-8.902111118314124,-19.72493039690051,13.564043362163762,-33.365257113869,26.55227786269143,-9.230638142294408,-5.865339828344174,-12.482201840229115,7.405277308818803,-34.59526082849426,-12.109084463288156,4.052565190460979,-19.821638440053786,-14.111397352603944,-0.4341953991826306,-11.266743751299309,-9.162612193679927,1.4443745568547526,-8.04744448236977,-31.497176016890446,4.406983282755978,-6.892474001130168,-6.548641552931945,14.946597847962634,-25.581415670335684,-15.406342992346325,-21.91638196094494,15.762057460729547,49.25402135114133,-14.579948428569859,-126.22546081248365,28.83559482427779,-4.331292440256544,128.1904230081902,60.11743714596173,-11.351519763905557,-124.30225615817547,39.483391987944714,-7.601697707126027,129.79914079685355
2.334603799541051,-8.1540826201604,15.398055836667288,-0.13793328884559633,3.983799896749866,-45.76928441282719,1.4985731168650438,-8.38102137839548,15.277827748935454,0.6976273315612695,3.1263488251757496,-45.82110443601997,1.4985733239683086,-8.38102137844572,15.277827748935454,0.6976275779662615,3.1263489599258367,-45.82110443601997,4.493835661204202,-8.782855643409077,-8.954698767704137,-19.661745207780637,13.628590648683696,-33.735726700626465,26.734046493607956,-9.057193158705324,-5.967420596166367,-12.312786023467337,7.440516958188063,-34.99850524841484,-11.97303863403666,3.8605688097628215,-20.109727372374746,-13.833564220390592,-0.3278307682926581,-11.399429992685972,-9.394693863704811,1.3817939415374967,-8.140567185943762,-31.723101401964776,4.384458454733681,-7.002687088038191,-5.930887748734941,14.941201331034966,-25.99457892694886,-15.433050677634506,-21.37360768638956,14.522651907690108,45.70633072248207,-12.941664802810504,-127.06668363287326,27.1158644951707,-5.730075894249402,127.08348560454087,57.199210796717836,-9.848691917492022,-125.37369027194606,35.26370577083301,-10.626583884299492,128.50646471589508
2.05401,-8.25358,15.143790000000001,0.19204,3.62893,-45.78325000000001,1.3277300000000003,-8.447349999999998,15.038309999999996,0.80429,3.0003600000000006,-45.818650000000005,1.3277399999999997,-8.44735,15.038309999999996,0.8042899999999998,3.00036,-45.818650000000005,4.840750000000001,-8.66301,-9.26813,-19.57304,13.62681,-34.158730000000006,26.548000000000002,-9.13481,-6.33671,-12.140939999999999,7.4747699999999995,-35.45073,-11.9255,3.9661599999999995,-20.288290000000003,-13.684240000000003,-0.32953999999999994,-11.316910000000004,-8.49746,1.4262799999999995,-8.2834,-30.82044,4.47986,-7.118219999999997,-5.39404,14.664259999999999,-25.838150000000006,-14.941189999999999,-20.546399999999995,12.91865,42.35530000000001,-11.01355,-128.42686,24.415140000000005,-7.65746,126.12414999999999,52.71099,-7.358699999999999,-127.23716999999999,32.90742999999999,-11.89546,127.87431000000001
2.3562412198878504,-7.592813486359988,14.95705772099271,0.09150948332279724,3.153121511123994,-45.579818594111266,1.0864543006978495,-7.92693373525651,14.785595020047861,0.7795011619561214,2.4514649026920745,-45.61345051339656,1.0864546758897502,-7.926923839389612,14.785595020047861,0.779511106397741,2.4514654673899203,-45.61345051339656,4.8777565609989795,-8.46356132423017,-9.37766639537771,-19.347784068348613,13.836201383086816,-34.40763584757214,26.816050050696937,-9.276812572320596,-6.373133859317917,-12.092133840548488,7.480779068106456,-35.66174191482923,-11.78883049044831,3.7333749106611096,-20.35188523744085,-13.482581287999704,-0.17064863542211045,-11.635321279108599,-8.337273417961727,1.3782873676726255,-7.88030829732177,-30.677563808468367,4.282353437666605,-6.76267003902659,-5.523886771732318,14.177202180361782,-24.752946351672197,-14.04982620142,-20.235719703587566,12.186389907811304,37.95834476112671,-8.193327242810215,-130.72340114336927,21.831933540683085,-9.304848684355335,123.10007101781932,48.093158709036366,-3.681077276232445,-130.08863666784444,30.798736553108917,-15.206672628081929,125.34901662613217
1.4063617715142096,-7.613035519868977,14.743427009115186,0.03381095411896709,3.1023202720630945,-45.617508408078926,0.93594880457131,-7.735452785948331,14.680575949390892,0.5770833714705945,2.547615696079839,-45.64427487000268,0.9359493149688951,-7.735451688248994,14.680575949390892,0.5770943347214688,2.5476164396759025,-45.64427487000268,5.125800537107477,-8.309902619890378,-9.72165032298236,-19.458676563443436,13.967774443712482,-34.801832565007295,26.871030008668008,-9.469677841326012,-6.691158618408226,-11.748794892663808,7.308677178620512,-36.140596375364304,-12.034132459154108,3.800519135766474,-20.324093973513374,-13.520419937667745,-0.23079140458222097,-11.674089635215699,-8.049135934736837,1.1744206066351943,-7.470240669934564,-30.401956830509306,3.9379218524058417,-6.460223375232771,-5.437617822470402,14.370409546071711,-24.905533490585498,-13.499407305533136,-20.07464353023796,10.771768510834399,32.54041827141949,-5.301146238381419,-132.6491606511044,19.69744026799566,-11.030421553679089,122.19889261943977,42.684417504195174,-0.10870370256895846,-132.53856321408173,29.073098437227937,-16.360353748991947,124.81408108292642
1.9283166338427586,-7.026773188231887,15.110009403608409,-0.3816073948538138,3.1865806041650737,-45.7242144398904,1.4230550087191842,-7.161852357564437,15.047615829051093,0.25469595963756925,2.5344383688167036,-45.75596454165112,1.4230564645591368,-7.1618523540568075,15.047615829051093,0.25469725714666813,2.5344374750392036,-45.75596454165112,5.473253706378019,-8.391420000235174,-10.114997305509664,-19.594942442468238,14.115504442794457,-34.84519813191774,26.684060106741047,-9.327785638033022,-7.228851659342824,-11.442921985071433,7.272281324445879,-36.28058909346171,-12.193691039345527,3.9426461631804766,-20.259431106606325,-13.580410399245734,-0.16117620076862144,-11.47098039525669,-7.75148062284772,1.2268206584600914,-8.051431950922193,-30.07964214955027,4.207255989426529,-6.979061760292136,-5.351946245244597,14.366365378759852,-23.57634542169133,-12.802943377784322,-19.81440959944959,9.065886175989238,28.232592840373666,-2.052420018093055,-133.304440535806,17.874559014555462,-12.588501916821208,120.4428006706541,37.542635474493004,-0.135198461441876,-133.50194211954906,24.63091970456492,-18.77321184767309,122.4510715706402
1.9153082313041305,-5.997041195233013,15.394387823308303,-0.06692626066105692,3.7110820784606795,-45.46873169907319,1.5904287810508075,-6.085894353297234,15.360196517818583,0.5889128540069104,3.0451017802270433,-45.50736402398261,1.5904288135264961,-6.085895550914607,15.360196517818583,0.5889127701957175,3.0451016576504886,-45.50736402398261,5.742466758378419,-8.327920073983291,-9.920934683979185,-19.72237502491027,14.165642451138714,-34.02504572307622,26.59879620237335,-9.626357147604136,-6.952282687163742,-11.229101996729108,7.175041943725958,-35.51113033969971,-12.312072517162617,3.901023952039847,-20.07627398795636,-13.576299721223023,-0.18886709799209955,-11.546833645741975,-7.18623618040986,1.5736830054806838,-7.574236056494447,-29.54558769441259,4.346717190733709,-6.404370305097869,-5.301428007090164,14.409945273211035,-22.725739627611986,-12.804666529340174,-19.88317146297441,6.807768756094185,23.46626935852097,0.9532669490963457,-137.91971283712837,15.98635780733291,-14.348861150401671,117.1022062074928,33.9156965560486,0.15917195353737806,-138.51297269397895,22.70371452810475,-20.115066864641676,119.30454343132159
3.5098378577180296,-6.614771520313647,16.42960587320922,-0.34311596813925765,4.080264496110926,-45.72401697250745,2.238837214467373,-6.985164930905705,16.279088890994394,0.6768468609489914,3.035015187359485,-45.7873429355558,2.238845520211401,-6.985164808825521,16.279088890994394,0.6768487150226712,3.0350031417017993,-45.7873429355558,5.909324090773221,-8.124309291950642,-10.530488109138629,-19.81442921104925,14.270477465866593,-33.13204166950462,26.68959583563585,-9.871523516218502,-7.522139815255468,-10.963819190593714,7.351977981530032,-34.71326923605667,-12.555970894550983,3.800483002036535,-19.791730658218153,-13.679236191161802,-0.2829532011001084,-11.501777492756197,-6.948498031895844,1.493285176573303,-7.348839897658359,-29.31508762590342,4.186646433503538,-6.226092325389219,-4.4787525445130445,14.446397760479677,-21.839131712189374,-13.090971322004444,-20.046704822910524,4.0807496219133075,18.808329810401705,4.181906749683287,-133.13752628304434,14.745854375588555,-16.02347935333416,114.83331705119895,26.45265600313147,4.4426690307727625,-133.96903968266403,21.76950800214603,-22.100494630974293,117.37512770525353
4.491856531924495,-5.452528750344377,16.260214992601863,-0.09058449119341652,4.442361351117773,-45.62982506928453,2.640094462966066,-5.986769977813583,16.075629713668715,0.608713810035352,3.7287191435729072,-45.67964505055564,2.640097461796236,-5.9867659308985735,16.07562971366871,0.6087167736579819,3.7287124749789684,-45.67964505055564,5.909431346370949,-8.189987634871237,-10.58442941333798,-19.9392394165987,14.362537142038603,-34.204660537824616,26.559925948826688,-9.710585945837389,-7.654742433781949,-10.702239225972612,7.3648546017727945,-35.90174056825211,-12.535468841714463,3.891504566530158,-20.115692468228193,-13.702506878009872,-0.2746293809464785,-11.694288198349867,-6.771349812510536,1.6285573793906076,-7.298168199527413,-29.14384423573942,4.292466851667862,-6.12749889340256,-4.594896131151256,14.582100474034217,-22.153826871000554,-13.395671191434142,-20.601485739878587,3.772965831961289,15.869681228096058,5.517525912136758,-133.23825635749233,13.672047705368744,-16.8418152515214,113.35134482823477,22.755927031038585,8.764471721087675,-134.2637085772158,21.025444189034182,-24.46319237430042,116.21760514445826
5.648065950076661,-5.8053675761475665,15.740653400908489,-0.7028203180788362,4.511595670083067,-45.679158074004214,2.7526366495874095,-6.6083614479255175,15.427565878114269,0.035833244580617034,3.7564585301382842,-45.73240248568058,2.752641631366369,-6.608361426455493,15.42756587811408,0.03583395723568094,3.7564551121812806,-45.73240248568058,5.895321970043785,-8.185211754280367,-10.714137978621169,-19.832026863229334,14.44271494616321,-33.8334183521559,26.59510872994226,-9.585209982898558,-7.833224501890791,-10.709370475617686,7.388908293565046,-35.498667752693144,-12.618938775048333,3.884998987092121,-20.183238335412497,-13.87249033340628,-0.17400457543041292,-11.704644558755705,-6.172720657347202,1.4462422899674037,-6.481252604722796,-28.57187671684827,3.8128791060123577,-5.440133174975589,-5.402051116059674,15.303251952246216,-20.187726018433697,-13.633496545461423,-21.081235330862164,2.8323953524288976,14.135205006463442,7.433175413057366,-129.66486858950944,13.315254035953753,-17.723485297766484,109.63464267901921,20.4738640384994,10.80793672642669,-130.82104945231714,20.585097070583444,-25.54839189641756,112.62147533326126
5.629756017041228,-7.043989271169894,14.61889071211485,-0.7915969744465757,4.236787705052894,-45.706992545806905,3.480302974298486,-7.594700485156842,14.345027205923301,-0.21004625418019682,3.641682392336214,-45.746945592196205,3.4803086342426304,-7.5947004597804755,14.345027205888417,-0.21004071699301533,3.641675280966006,-45.746945592196205,5.953321645685062,-8.13886492254196,-10.710755365817496,-19.765285684642134,14.505984561722592,-33.8518898268886,26.4480050484078,-9.531396775116857,-7.873334606878577,-10.862707277060949,7.306902767614141,-35.450152765662345,-12.40839898043439,3.8199608451342706,-20.341606010087506,-14.112681198123065,0.013343817875543361,-11.712216084209095,-6.055541747104608,1.0091618999238718,-6.1641266915980095,-28.45574812193103,3.2879578241599736,-5.313310551968456,-6.227397949116682,15.84295514969362,-18.377438048286077,-13.922082041252743,-20.990310581108226,0.3370539194618211,12.158002117457757,9.114417400336217,-124.40190695219542,13.213882776621984,-18.704520936065236,107.55457901470868,18.832079700907148,13.129627843761913,-125.88240822947431,20.11672647320216,-27.681476056664753,110.5683400507605
5.2332613031312185,-5.746217095978315,13.664602443897538,-1.0351776153453283,4.668542112937678,-45.95220574024124,3.520059176806538,-6.157732228358422,13.486929431080709,-0.05367076031618083,3.655244607095864,-46.023443053857065,3.5200584446962164,-6.157726608790828,13.486929424758273,-0.05366623255789584,3.655240480984134,-46.023443053857065,5.880896509558495,-8.415975393072241,-11.425358269406606,-19.689184675307704,14.503811072490182,-34.4414294323281,26.25816140234638,-9.440590043776577,-8.677948444613525,-11.043139518836416,7.313805318952655,-35.990427531924276,-12.412155356388803,4.031088254625355,-20.760688073979793,-14.013083339903794,0.13531116429033396,-12.100936529766267,-6.412218886034596,1.3739341395552314,-6.225011578064183,-28.818717833234242,3.648393518352011,-5.230419751480186,-7.528189826809231,16.834545791740673,-17.747881635954133,-13.936322149928605,-21.545899745921794,-0.9863984152011372,10.719197426117733,10.354832636097507,-121.46783673824315,13.480744141029286,-19.74915687309777,105.84317893286244,16.651957262677904,14.314730083651126,-122.89468997718377,20.284383517228854,-27.18485577127616,108.85589967534492
4.706927887617797,-6.659023391687272,13.350516140015014,-0.7262319614966677,4.548107654819808,-45.94260691354839,3.2592102636643734,-6.997919946405241,13.178320164953389,0.057637426020924254,3.739359733603463,-45.999263689712926,3.259207705492069,-6.997920044058571,13.17831905634657,0.0576347881816739,3.7393527843879797,-45.999263689712926,5.782163195115288,-8.161648868282544,-11.504196082325043,-19.731504792327975,14.358965231837692,-35.30863190006329,26.107664984634308,-9.46224599936717,-8.761778615035169,-11.190074363658942,7.455985376544113,-36.87131942904521,-12.334133006490923,4.22504046874085,-20.854194901262023,-13.865899891066023,0.16490010350975298,-12.434229140893189,-6.358806165683872,1.5038221843845987,-5.537598257749674,-28.790849278863295,3.506380026895669,-4.544291065720632,-8.412193114698077,17.218307179492275,-15.415502665015627,-14.28372228271245,-21.642777429494945,-3.5213911029040705,9.609242322425546,11.607167021064729,-118.72688362789998,14.156368771856544,-20.82835737487355,105.7841851633414,15.838285244391663,15.920539846340956,-120.39638385873825,20.07859346356794,-27.2315593845118,108.4226924654038
2.348040011378856,-7.606068507099771,12.813447888041384,-0.7438826912768752,4.380723971216817,-46.03230729425221,2.0221327327233127,-7.6794303816531535,12.770015197978125,0.17516735890048868,3.4290468370438263,-46.09495030521971,2.0221401694314554,-7.679430382157027,12.770015562781653,0.17517860072534447,3.429034784689381,-46.09495030521971,5.8304444351169025,-8.184601258141239,-11.749972184906118,-19.717595969414443,14.280134640686223,-35.22538635361184,26.004108159653075,-9.346748979681234,-9.080609867720804,-11.442895782590247,7.490159523855451,-36.72773137244337,-12.303571384310207,4.327396958379958,-21.155203988447667,-13.934920886862855,0.4375247219113691,-12.538276436108962,-6.033885471037448,1.2056854819004557,-5.884134813256238,-28.44807338064107,3.362930063682925,-4.979040821546411,-9.28775171523744,17.914975472512563,-13.963917972008511,-14.382450587737567,-21.77460489464599,-4.168058457036648,9.47341571615665,12.519312698705411,-116.94168699685619,14.38907391002151,-21.201877781564587,101.96118599036869,15.437980101558905,16.66040622864052,-118.6241959813086,21.026710250226277,-28.484694210873176,105.06946769494944
0.9822930773146568,-7.38408727555478,12.149117066637526,-0.5764625488199319,3.3419985626080204,-46.05773901796696,1.3261943324877925,-7.310524044967367,12.193120355887961,-0.11146721736386304,2.860000606223385,-46.08289716069224,1.3261927639005497,-7.310524044969864,12.193120357696637,-0.11146424825195114,2.859993352394364,-46.08289716069224,5.5785372653480305,-8.106576143484094,-11.595371468787366,-19.84170840638965,14.406710513795286,-35.70425968656852,26.14520498772049,-9.387021631871022,-8.860296532536985,-11.418136490437863,7.287064660882324,-37.219202607243275,-12.256081338465872,4.482516606402439,-21.63488909987356,-13.869222349461513,0.6460314961938487,-12.833217204739555,-5.688660288134228,1.3251264307104829,-5.927824064552226,-28.10413314708927,3.490005539759865,-4.97386628638668,-9.598545525585534,18.55832308952074,-12.695001499497183,-13.99736548649407,-22.19593991449104,-5.493951557896499,9.61502413611911,13.430342505388195,-113.09710831571086,14.398974154985677,-22.211740839994366,102.56126354556066,13.94059191499236,18.937783217414413,-114.39868971091069,21.955852305018084,-28.466253246411615,106.1500293530034
1.0988087755100213,-6.611410163938869,12.122394174466402,-0.8579651375361967,3.583577060846542,-46.25945363372444,1.2712932898496911,-6.574574393107122,12.142175326935007,0.08181908124877245,2.6020721242285054,-46.31016559033575,1.2713032277339213,-6.574574393107134,12.142175326926637,0.08181998646702496,2.6020714223082537,-46.31016559033575,5.527408804265082,-8.361053822070552,-11.826555721922247,-19.96092848277495,14.373412135267344,-35.37116512607763,26.222436121375377,-9.473282116508528,-9.058979566722419,-11.399297607689837,7.252294197074752,-36.90833779608073,-12.11566314701843,4.364867134258097,-21.73960376710861,-13.96987307022721,0.9899754551693128,-12.697891552730736,-5.775384703838915,1.4797160498228965,-6.034621118602761,-28.19098048565037,3.673625296557567,-5.013683020671607,-9.692221968622029,18.74247837734808,-10.143742331471996,-13.426443631224796,-22.50673943278833,-6.5673113334102,9.756163592472257,14.415438794909639,-113.50099399697937,14.568005207703235,-22.995087184912226,102.80843935801748,15.074764031317962,18.98126116255526,-115.18177969390764,21.30096585236271,-30.065919159959854,106.12115276590109
1.0300629802094141,-6.77614385489977,12.530885728598363,-0.6094972526362494,4.234365332364536,-46.145590324253625,1.0222582765983779,-6.777860533538,12.529970724270239,0.5030209522966287,3.0773151945491652,-46.21652809933552,1.0222598232984004,-6.777860533538,12.529970721881307,0.5030206598230148,3.077313122726349,-46.21652809933552,5.327803551634974,-8.316733483557568,-11.618000264579647,-20.29790071597323,14.28626666836569,-35.041993929171255,26.249925661870837,-9.553467943248819,-8.783068211054877,-11.297144616083399,7.143673091433435,-36.662914148245235,-12.028697783336389,4.436473278482781,-21.848959635289106,-14.018769883541715,1.2613595941706632,-13.200120292986789,-5.318635514260042,1.878279304240837,-6.548256907869897,-27.726962672343006,4.237831855874633,-5.337137772744138,-9.05244901451436,19.420333299499486,-10.766123809045007,-12.882191203603925,-22.681901981258758,-8.372138485912702,10.191836530785693,14.918596136665354,-112.73798233357621,14.568621408484795,-23.960107418276603,100.42448825436884,15.548304720782594,19.915963865224615,-114.49933526356709,21.826782131483657,-31.12619396231134,104.14200473861395
1.4353120508027604,-7.310866185216354,11.737731431210776,-1.001681610038048,4.505744161402653,-45.76862287760854,1.0338854509667428,-7.393389055676975,11.686369732886222,0.5163584239249868,2.9468864702556594,-45.86729704943836,1.0338867262809877,-7.393389055676975,11.686369437747045,0.516369527030908,2.9468775668455742,-45.86729704943836,5.194813957709708,-8.069182504124713,-12.276875745905729,-20.190849032012647,14.222923106701483,-34.36769004532966,26.638236735252455,-9.534599170346146,-9.441217870890982,-11.446982985189537,7.048890706765053,-35.898983277863124,-12.143758831540566,4.223978066507775,-21.443578123269116,-14.329446152542962,1.395829604033635,-13.078655509533075,-5.1674929979511415,2.0993278464986074,-7.083683859544034,-27.56252240244391,4.646124345054117,-5.748854595035374,-8.373678337168103,19.761703074539007,-9.44183954268928,-12.18098554482693,-23.304992597112836,-8.286004628859173,11.22659127789383,15.597764395924894,-111.25788607209591,13.9173107235338,-24.541081147837506,101.0807492474562,16.156591244016944,19.744689450190798,-112.89385762722908,21.77559341344319,-32.085113330893364,105.21322623315474
0.8290282610503844,-7.545211338917442,11.19824494630195,-0.5367876296750882,4.594907323210872,-45.96068466538277,0.686519289146565,-7.5731536447468955,11.179506858002776,0.7576362755152263,3.2573110061951023,-46.04932225381037,0.6865198034702432,-7.5731536447468955,11.17950700071597,0.7576462671673813,3.257310591481103,-46.04932225381037,5.158633312858199,-7.936865158711047,-11.899978087285058,-20.195821024909474,14.119716341565606,-35.20860490804808,26.722095905134626,-9.504286498798342,-9.037850758199696,-11.306337546229583,7.077503543617394,-36.79617994654564,-12.454098594887881,4.387993041672884,-21.658989275729105,-14.67079830292423,1.5819728171409344,-12.740010842080169,-5.323007017788838,2.455555282223132,-7.193160093290718,-27.7253075147019,5.017155980887033,-5.714127623230631,-6.9518759289912415,19.819772207102705,-8.218580713061826,-10.992868345149635,-23.93811969299683,-8.451812603350566,12.527630712615865,16.095027225538672,-109.61043234180862,13.146856904288512,-25.249788503104398,100.42485376258038,17.801164188666657,21.74900299511738,-111.4894337970896,21.029679448923712,-32.504167053491926,104.63274116794119
0.51257,-8.01263,10.76974,-0.70527,4.9441,-45.66982,0.46214,-8.02212,10.76271,0.90663,3.29483,-45.78563,0.46214,-8.02212,10.76271,0.90664,3.29482,-45.78563,5.4342,-7.88266,-11.8756,-20.08311,13.99146,-35.30027,26.88616,-9.42106,-9.05575,-11.2453,7.09989,-36.88128,-12.53291,4.19928,-21.47015,-14.84424,1.72441,-12.50105,-5.37679,2.78968,-6.92182,-27.80054,5.2227,-5.33464,-4.75916,20.09268,-9.01253,-9.79519,-24.42688,-8.83675,14.54953,16.13846,-109.87704,12.53713,-25.87265,100.08089,16.73786,23.96366,-110.57756,19.53678,-32.75602,103.8354
,,,,,,,,,,,,,,,,,,,,,,,,,,,,,,,,,,,,,,,,,,,,,,,,,,,,,,,,,,,
,,,,,,,,,,,,,,,,,,,,,,,,,,,,,,,,,,,,,,,,,,,,,,,,,,,,,,,,,,,
,,,,,,,,,,,,,,,,,,,,,,,,,,,,,,,,,,,,,,,,,,,,,,,,,,,,,,,,,,,
,,,,,,,,,,,,,,,,,,,,,,,,,,,,,,,,,,,,,,,,,,,,,,,,,,,,,,,,,,,
,,,,,,,,,,,,,,,,,,,,,,,,,,,,,,,,,,,,,,,,,,,,,,,,,,,,,,,,,,,
,,,,,,,,,,,,,,,,,,,,,,,,,,,,,,,,,,,,,,,,,,,,,,,,,,,,,,,,,,,
,,,,,,,,,,,,,,,,,,,,,,,,,,,,,,,,,,,,,,,,,,,,,,,,,,,,,,,,,,,
,,,,,,,,,,,,,,,,,,,,,,,,,,,,,,,,,,,,,,,,,,,,,,,,,,,,,,,,,,,
,,,,,,,,,,,,,,,,,,,,,,,,,,,,,,,,,,,,,,,,,,,,,,,,,,,,,,,,,,,
,,,,,,,,,,,,,,,,,,,,,,,,,,,,,,,,,,,,,,,,,,,,,,,,,,,,,,,,,,,
,,,,,,,,,,,,,,,,,,,,,,,,,,,,,,,,,,,,,,,,,,,,,,,,,,,,,,,,,,,
,,,,,,,,,,,,,,,,,,,,,,,,,,,,,,,,,,,,,,,,,,,,,,,,,,,,,,,,,,,
,,,,,,,,,,,,,,,,,,,,,,,,,,,,,,,,,,,,,,,,,,,,,,,,,,,,,,,,,,,
,,,,,,,,,,,,,,,,,,,,,,,,,,,,,,,,,,,,,,,,,,,,,,,,,,,,,,,,,,,
,,,,,,,,,,,,,,,,,,,,,,,,,,,,,,,,,,,,,,,,,,,,,,,,,,,,,,,,,,,
,,,,,,,,,,,,,,,,,,,,,,,,,,,,,,,,,,,,,,,,,,,,,,,,,,,,,,,,,,,
,,,,,,,,,,,,,,,,,,,,,,,,,,,,,,,,,,,,,,,,,,,,,,,,,,,,,,,,,,,
,,,,,,,,,,,,,,,,,,,,,,,,,,,,,,,,,,,,,,,,,,,,,,,,,,,,,,,,,,,
,,,,,,,,,,,,,,,,,,,,,,,,,,,,,,,,,,,,,,,,,,,,,,,,,,,,,,,,,,,
,,,,,,,,,,,,,,,,,,,,,,,,,,,,,,,,,,,,,,,,,,,,,,,,,,,,,,,,,,,
,,,,,,,,,,,,,,,,,,,,,,,,,,,,,,,,,,,,,,,,,,,,,,,,,,,,,,,,,,,
,,,,,,,,,,,,,,,,,,,,,,,,,,,,,,,,,,,,,,,,,,,,,,,,,,,,,,,,,,,
,,,,,,,,,,,,,,,,,,,,,,,,,,,,,,,,,,,,,,,,,,,,,,,,,,,,,,,,,,,
,,,,,,,,,,,,,,,,,,,,,,,,,,,,,,,,,,,,,,,,,,,,,,,,,,,,,,,,,,,
,,,,,,,,,,,,,,,,,,,,,,,,,,,,,,,,,,,,,,,,,,,,,,,,,,,,,,,,,,,
,,,,,,,,,,,,,,,,,,,,,,,,,,,,,,,,,,,,,,,,,,,,,,,,,,,,,,,,,,,
,,,,,,,,,,,,,,,,,,,,,,,,,,,,,,,,,,,,,,,,,,,,,,,,,,,,,,,,,,,
,,,,,,,,,,,,,,,,,,,,,,,,,,,,,,,,,,,,,,,,,,,,,,,,,,,,,,,,,,,
,,,,,,,,,,,,,,,,,,,,,,,,,,,,,,,,,,,,,,,,,,,,,,,,,,,,,,,,,,,
,,,,,,,,,,,,,,,,,,,,,,,,,,,,,,,,,,,,,,,,,,,,,,,,,,,,,,,,,,,
,,,,,,,,,,,,,,,,,,,,,,,,,,,,,,,,,,,,,,,,,,,,,,,,,,,,,,,,,,,
,,,,,,,,,,,,,,,,,,,,,,,,,,,,,,,,,,,,,,,,,,,,,,,,,,,,,,,,,,,
,,,,,,,,,,,,,,,,,,,,,,,,,,,,,,,,,,,,,,,,,,,,,,,,,,,,,,,,,,,
,,,,,,,,,,,,,,,,,,,,,,,,,,,,,,,,,,,,,,,,,,,,,,,,,,,,,,,,,,,
,,,,,,,,,,,,,,,,,,,,,,,,,,,,,,,,,,,,,,,,,,,,,,,,,,,,,,,,,,,
,,,,,,,,,,,,,,,,,,,,,,,,,,,,,,,,,,,,,,,,,,,,,,,,,,,,,,,,,,,
,,,,,,,,,,,,,,,,,,,,,,,,,,,,,,,,,,,,,,,,,,,,,,,,,,,,,,,,,,,
,,,,,,,,,,,,,,,,,,,,,,,,,,,,,,,,,,,,,,,,,,,,,,,,,,,,,,,,,,,
,,,,,,,,,,,,,,,,,,,,,,,,,,,,,,,,,,,,,,,,,,,,,,,,,,,,,,,,,,,
,,,,,,,,,,,,,,,,,,,,,,,,,,,,,,,,,,,,,,,,,,,,,,,,,,,,,,,,,,,
,,,,,,,,,,,,,,,,,,,,,,,,,,,,,,,,,,,,,,,,,,,,,,,,,,,,,,,,,,,
,,,,,,,,,,,,,,,,,,,,,,,,,,,,,,,,,,,,,,,,,,,,,,,,,,,,,,,,,,,
,,,,,,,,,,,,,,,,,,,,,,,,,,,,,,,,,,,,,,,,,,,,,,,,,,,,,,,,,,,
,,,,,,,,,,,,,,,,,,,,,,,,,,,,,,,,,,,,,,,,,,,,,,,,,,,,,,,,,,,
,,,,,,,,,,,,,,,,,,,,,,,,,,,,,,,,,,,,,,,,,,,,,,,,,,,,,,,,,,,
,,,,,,,,,,,,,,,,,,,,,,,,,,,,,,,,,,,,,,,,,,,,,,,,,,,,,,,,,,,
,,,,,,,,,,,,,,,,,,,,,,,,,,,,,,,,,,,,,,,,,,,,,,,,,,,,,,,,,,,
,,,,,,,,,,,,,,,,,,,,,,,,,,,,,,,,,,,,,,,,,,,,,,,,,,,,,,,,,,,
,,,,,,,,,,,,,,,,,,,,,,,,,,,,,,,,,,,,,,,,,,,,,,,,,,,,,,,,,,,
,,,,,,,,,,,,,,,,,,,,,,,,,,,,,,,,,,,,,,,,,,,,,,,,,,,,,,,,,,,
,,,,,,,,,,,,,,,,,,,,,,,,,,,,,,,,,,,,,,,,,,,,,,,,,,,,,,,,,,,
,,,,,,,,,,,,,,,,,,,,,,,,,,,,,,,,,,,,,,,,,,,,,,,,,,,,,,,,,,,
,,,,,,,,,,,,,,,,,,,,,,,,,,,,,,,,,,,,,,,,,,,,,,,,,,,,,,,,,,,
,,,,,,,,,,,,,,,,,,,,,,,,,,,,,,,,,,,,,,,,,,,,,,,,,,,,,,,,,,,
,,,,,,,,,,,,,,,,,,,,,,,,,,,,,,,,,,,,,,,,,,,,,,,,,,,,,,,,,,,
,,,,,,,,,,,,,,,,,,,,,,,,,,,,,,,,,,,,,,,,,,,,,,,,,,,,,,,,,,,
,,,,,,,,,,,,,,,,,,,,,,,,,,,,,,,,,,,,,,,,,,,,,,,,,,,,,,,,,,,
,,,,,,,,,,,,,,,,,,,,,,,,,,,,,,,,,,,,,,,,,,,,,,,,,,,,,,,,,,,
,,,,,,,,,,,,,,,,,,,,,,,,,,,,,,,,,,,,,,,,,,,,,,,,,,,,,,,,,,,
,,,,,,,,,,,,,,,,,,,,,,,,,,,,,,,,,,,,,,,,,,,,,,,,,,,,,,,,,,,
,,,,,,,,,,,,,,,,,,,,,,,,,,,,,,,,,,,,,,,,,,,,,,,,,,,,,,,,,,,
,,,,,,,,,,,,,,,,,,,,,,,,,,,,,,,,,,,,,,,,,,,,,,,,,,,,,,,,,,,
,,,,,,,,,,,,,,,,,,,,,,,,,,,,,,,,,,,,,,,,,,,,,,,,,,,,,,,,,,,
,,,,,,,,,,,,,,,,,,,,,,,,,,,,,,,,,,,,,,,,,,,,,,,,,,,,,,,,,,,
,,,,,,,,,,,,,,,,,,,,,,,,,,,,,,,,,,,,,,,,,,,,,,,,,,,,,,,,,,,
,,,,,,,,,,,,,,,,,,,,,,,,,,,,,,,,,,,,,,,,,,,,,,,,,,,,,,,,,,,
,,,,,,,,,,,,,,,,,,,,,,,,,,,,,,,,,,,,,,,,,,,,,,,,,,,,,,,,,,,
,,,,,,,,,,,,,,,,,,,,,,,,,,,,,,,,,,,,,,,,,,,,,,,,,,,,,,,,,,,
,,,,,,,,,,,,,,,,,,,,,,,,,,,,,,,,,,,,,,,,,,,,,,,,,,,,,,,,,,,
,,,,,,,,,,,,,,,,,,,,,,,,,,,,,,,,,,,,,,,,,,,,,,,,,,,,,,,,,,,
,,,,,,,,,,,,,,,,,,,,,,,,,,,,,,,,,,,,,,,,,,,,,,,,,,,,,,,,,,,
,,,,,,,,,,,,,,,,,,,,,,,,,,,,,,,,,,,,,,,,,,,,,,,,,,,,,,,,,,,
,,,,,,,,,,,,,,,,,,,,,,,,,,,,,,,,,,,,,,,,,,,,,,,,,,,,,,,,,,,
,,,,,,,,,,,,,,,,,,,,,,,,,,,,,,,,,,,,,,,,,,,,,,,,,,,,,,,,,,,
,,,,,,,,,,,,,,,,,,,,,,,,,,,,,,,,,,,,,,,,,,,,,,,,,,,,,,,,,,,
,,,,,,,,,,,,,,,,,,,,,,,,,,,,,,,,,,,,,,,,,,,,,,,,,,,,,,,,,,,
,,,,,,,,,,,,,,,,,,,,,,,,,,,,,,,,,,,,,,,,,,,,,,,,,,,,,,,,,,,
,,,,,,,,,,,,,,,,,,,,,,,,,,,,,,,,,,,,,,,,,,,,,,,,,,,,,,,,,,,
,,,,,,,,,,,,,,,,,,,,,,,,,,,,,,,,,,,,,,,,,,,,,,,,,,,,,,,,,,,
,,,,,,,,,,,,,,,,,,,,,,,,,,,,,,,,,,,,,,,,,,,,,,,,,,,,,,,,,,,
,,,,,,,,,,,,,,,,,,,,,,,,,,,,,,,,,,,,,,,,,,,,,,,,,,,,,,,,,,,
,,,,,,,,,,,,,,,,,,,,,,,,,,,,,,,,,,,,,,,,,,,,,,,,,,,,,,,,,,,
,,,,,,,,,,,,,,,,,,,,,,,,,,,,,,,,,,,,,,,,,,,,,,,,,,,,,,,,,,,
,,,,,,,,,,,,,,,,,,,,,,,,,,,,,,,,,,,,,,,,,,,,,,,,,,,,,,,,,,,
,,,,,,,,,,,,,,,,,,,,,,,,,,,,,,,,,,,,,,,,,,,,,,,,,,,,,,,,,,,
,,,,,,,,,,,,,,,,,,,,,,,,,,,,,,,,,,,,,,,,,,,,,,,,,,,,,,,,,,,
,,,,,,,,,,,,,,,,,,,,,,,,,,,,,,,,,,,,,,,,,,,,,,,,,,,,,,,,,,,
,,,,,,,,,,,,,,,,,,,,,,,,,,,,,,,,,,,,,,,,,,,,,,,,,,,,,,,,,,,
,,,,,,,,,,,,,,,,,,,,,,,,,,,,,,,,,,,,,,,,,,,,,,,,,,,,,,,,,,,
,,,,,,,,,,,,,,,,,,,,,,,,,,,,,,,,,,,,,,,,,,,,,,,,,,,,,,,,,,,
,,,,,,,,,,,,,,,,,,,,,,,,,,,,,,,,,,,,,,,,,,,,,,,,,,,,,,,,,,,
,,,,,,,,,,,,,,,,,,,,,,,,,,,,,,,,,,,,,,,,,,,,,,,,,,,,,,,,,,,
,,,,,,,,,,,,,,,,,,,,,,,,,,,,,,,,,,,,,,,,,,,,,,,,,,,,,,,,,,,
,,,,,,,,,,,,,,,,,,,,,,,,,,,,,,,,,,,,,,,,,,,,,,,,,,,,,,,,,,,
,,,,,,,,,,,,,,,,,,,,,,,,,,,,,,,,,,,,,,,,,,,,,,,,,,,,,,,,,,,
,,,,,,,,,,,,,,,,,,,,,,,,,,,,,,,,,,,,,,,,,,,,,,,,,,,,,,,,,,,
,,,,,,,,,,,,,,,,,,,,,,,,,,,,,,,,,,,,,,,,,,,,,,,,,,,,,,,,,,,
,,,,,,,,,,,,,,,,,,,,,,,,,,,,,,,,,,,,,,,,,,,,,,,,,,,,,,,,,,,
,,,,,,,,,,,,,,,,,,,,,,,,,,,,,,,,,,,,,,,,,,,,,,,,,,,,,,,,,,,
,,,,,,,,,,,,,,,,,,,,,,,,,,,,,,,,,,,,,,,,,,,,,,,,,,,,,,,,,,,
,,,,,,,,,,,,,,,,,,,,,,,,,,,,,,,,,,,,,,,,,,,,,,,,,,,,,,,,,,,
,,,,,,,,,,,,,,,,,,,,,,,,,,,,,,,,,,,,,,,,,,,,,,,,,,,,,,,,,,,
,,,,,,,,,,,,,,,,,,,,,,,,,,,,,,,,,,,,,,,,,,,,,,,,,,,,,,,,,,,
,,,,,,,,,,,,,,,,,,,,,,,,,,,,,,,,,,,,,,,,,,,,,,,,,,,,,,,,,,,
,,,,,,,,,,,,,,,,,,,,,,,,,,,,,,,,,,,,,,,,,,,,,,,,,,,,,,,,,,,
,,,,,,,,,,,,,,,,,,,,,,,,,,,,,,,,,,,,,,,,,,,,,,,,,,,,,,,,,,,
,,,,,,,,,,,,,,,,,,,,,,,,,,,,,,,,,,,,,,,,,,,,,,,,,,,,,,,,,,,
,,,,,,,,,,,,,,,,,,,,,,,,,,,,,,,,,,,,,,,,,,,,,,,,,,,,,,,,,,,
,,,,,,,,,,,,,,,,,,,,,,,,,,,,,,,,,,,,,,,,,,,,,,,,,,,,,,,,,,,
,,,,,,,,,,,,,,,,,,,,,,,,,,,,,,,,,,,,,,,,,,,,,,,,,,,,,,,,,,,
,,,,,,,,,,,,,,,,,,,,,,,,,,,,,,,,,,,,,,,,,,,,,,,,,,,,,,,,,,,
,,,,,,,,,,,,,,,,,,,,,,,,,,,,,,,,,,,,,,,,,,,,,,,,,,,,,,,,,,,
,,,,,,,,,,,,,,,,,,,,,,,,,,,,,,,,,,,,,,,,,,,,,,,,,,,,,,,,,,,
,,,,,,,,,,,,,,,,,,,,,,,,,,,,,,,,,,,,,,,,,,,,,,,,,,,,,,,,,,,
,,,,,,,,,,,,,,,,,,,,,,,,,,,,,,,,,,,,,,,,,,,,,,,,,,,,,,,,,,,
,,,,,,,,,,,,,,,,,,,,,,,,,,,,,,,,,,,,,,,,,,,,,,,,,,,,,,,,,,,
,,,,,,,,,,,,,,,,,,,,,,,,,,,,,,,,,,,,,,,,,,,,,,,,,,,,,,,,,,,
,,,,,,,,,,,,,,,,,,,,,,,,,,,,,,,,,,,,,,,,,,,,,,,,,,,,,,,,,,,
,,,,,,,,,,,,,,,,,,,,,,,,,,,,,,,,,,,,,,,,,,,,,,,,,,,,,,,,,,,
,,,,,,,,,,,,,,,,,,,,,,,,,,,,,,,,,,,,,,,,,,,,,,,,,,,,,,,,,,,
,,,,,,,,,,,,,,,,,,,,,,,,,,,,,,,,,,,,,,,,,,,,,,,,,,,,,,,,,,,
,,,,,,,,,,,,,,,,,,,,,,,,,,,,,,,,,,,,,,,,,,,,,,,,,,,,,,,,,,,
,,,,,,,,,,,,,,,,,,,,,,,,,,,,,,,,,,,,,,,,,,,,,,,,,,,,,,,,,,,
,,,,,,,,,,,,,,,,,,,,,,,,,,,,,,,,,,,,,,,,,,,,,,,,,,,,,,,,,,,
,,,,,,,,,,,,,,,,,,,,,,,,,,,,,,,,,,,,,,,,,,,,,,,,,,,,,,,,,,,
,,,,,,,,,,,,,,,,,,,,,,,,,,,,,,,,,,,,,,,,,,,,,,,,,,,,,,,,,,,
,,,,,,,,,,,,,,,,,,,,,,,,,,,,,,,,,,,,,,,,,,,,,,,,,,,,,,,,,,,
,,,,,,,,,,,,,,,,,,,,,,,,,,,,,,,,,,,,,,,,,,,,,,,,,,,,,,,,,,,
,,,,,,,,,,,,,,,,,,,,,,,,,,,,,,,,,,,,,,,,,,,,,,,,,,,,,,,,,,,
,,,,,,,,,,,,,,,,,,,,,,,,,,,,,,,,,,,,,,,,,,,,,,,,,,,,,,,,,,,
,,,,,,,,,,,,,,,,,,,,,,,,,,,,,,,,,,,,,,,,,,,,,,,,,,,,,,,,,,,
,,,,,,,,,,,,,,,,,,,,,,,,,,,,,,,,,,,,,,,,,,,,,,,,,,,,,,,,,,,
,,,,,,,,,,,,,,,,,,,,,,,,,,,,,,,,,,,,,,,,,,,,,,,,,,,,,,,,,,,
,,,,,,,,,,,,,,,,,,,,,,,,,,,,,,,,,,,,,,,,,,,,,,,,,,,,,,,,,,,
,,,,,,,,,,,,,,,,,,,,,,,,,,,,,,,,,,,,,,,,,,,,,,,,,,,,,,,,,,,
,,,,,,,,,,,,,,,,,,,,,,,,,,,,,,,,,,,,,,,,,,,,,,,,,,,,,,,,,,,
,,,,,,,,,,,,,,,,,,,,,,,,,,,,,,,,,,,,,,,,,,,,,,,,,,,,,,,,,,,
,,,,,,,,,,,,,,,,,,,,,,,,,,,,,,,,,,,,,,,,,,,,,,,,,,,,,,,,,,,
,,,,,,,,,,,,,,,,,,,,,,,,,,,,,,,,,,,,,,,,,,,,,,,,,,,,,,,,,,,
,,,,,,,,,,,,,,,,,,,,,,,,,,,,,,,,,,,,,,,,,,,,,,,,,,,,,,,,,,,
,,,,,,,,,,,,,,,,,,,,,,,,,,,,,,,,,,,,,,,,,,,,,,,,,,,,,,,,,,,
,,,,,,,,,,,,,,,,,,,,,,,,,,,,,,,,,,,,,,,,,,,,,,,,,,,,,,,,,,,
,,,,,,,,,,,,,,,,,,,,,,,,,,,,,,,,,,,,,,,,,,,,,,,,,,,,,,,,,,,
,,,,,,,,,,,,,,,,,,,,,,,,,,,,,,,,,,,,,,,,,,,,,,,,,,,,,,,,,,,
,,,,,,,,,,,,,,,,,,,,,,,,,,,,,,,,,,,,,,,,,,,,,,,,,,,,,,,,,,,
,,,,,,,,,,,,,,,,,,,,,,,,,,,,,,,,,,,,,,,,,,,,,,,,,,,,,,,,,,,
,,,,,,,,,,,,,,,,,,,,,,,,,,,,,,,,,,,,,,,,,,,,,,,,,,,,,,,,,,,
,,,,,,,,,,,,,,,,,,,,,,,,,,,,,,,,,,,,,,,,,,,,,,,,,,,,,,,,,,,
,,,,,,,,,,,,,,,,,,,,,,,,,,,,,,,,,,,,,,,,,,,,,,,,,,,,,,,,,,,
,,,,,,,,,,,,,,,,,,,,,,,,,,,,,,,,,,,,,,,,,,,,,,,,,,,,,,,,,,,
,,,,,,,,,,,,,,,,,,,,,,,,,,,,,,,,,,,,,,,,,,,,,,,,,,,,,,,,,,,
,,,,,,,,,,,,,,,,,,,,,,,,,,,,,,,,,,,,,,,,,,,,,,,,,,,,,,,,,,,
,,,,,,,,,,,,,,,,,,,,,,,,,,,,,,,,,,,,,,,,,,,,,,,,,,,,,,,,,,,
,,,,,,,,,,,,,,,,,,,,,,,,,,,,,,,,,,,,,,,,,,,,,,,,,,,,,,,,,,,
,,,,,,,,,,,,,,,,,,,,,,,,,,,,,,,,,,,,,,,,,,,,,,,,,,,,,,,,,,,
,,,,,,,,,,,,,,,,,,,,,,,,,,,,,,,,,,,,,,,,,,,,,,,,,,,,,,,,,,,
,,,,,,,,,,,,,,,,,,,,,,,,,,,,,,,,,,,,,,,,,,,,,,,,,,,,,,,,,,,
,,,,,,,,,,,,,,,,,,,,,,,,,,,,,,,,,,,,,,,,,,,,,,,,,,,,,,,,,,,
,,,,,,,,,,,,,,,,,,,,,,,,,,,,,,,,,,,,,,,,,,,,,,,,,,,,,,,,,,,
,,,,,,,,,,,,,,,,,,,,,,,,,,,,,,,,,,,,,,,,,,,,,,,,,,,,,,,,,,,
,,,,,,,,,,,,,,,,,,,,,,,,,,,,,,,,,,,,,,,,,,,,,,,,,,,,,,,,,,,
,,,,,,,,,,,,,,,,,,,,,,,,,,,,,,,,,,,,,,,,,,,,,,,,,,,,,,,,,,,
,,,,,,,,,,,,,,,,,,,,,,,,,,,,,,,,,,,,,,,,,,,,,,,,,,,,,,,,,,,
,,,,,,,,,,,,,,,,,,,,,,,,,,,,,,,,,,,,,,,,,,,,,,,,,,,,,,,,,,,
,,,,,,,,,,,,,,,,,,,,,,,,,,,,,,,,,,,,,,,,,,,,,,,,,,,,,,,,,,,
,,,,,,,,,,,,,,,,,,,,,,,,,,,,,,,,,,,,,,,,,,,,,,,,,,,,,,,,,,,
,,,,,,,,,,,,,,,,,,,,,,,,,,,,,,,,,,,,,,,,,,,,,,,,,,,,,,,,,,,
,,,,,,,,,,,,,,,,,,,,,,,,,,,,,,,,,,,,,,,,,,,,,,,,,,,,,,,,,,,
,,,,,,,,,,,,,,,,,,,,,,,,,,,,,,,,,,,,,,,,,,,,,,,,,,,,,,,,,,,
,,,,,,,,,,,,,,,,,,,,,,,,,,,,,,,,,,,,,,,,,,,,,,,,,,,,,,,,,,,
,,,,,,,,,,,,,,,,,,,,,,,,,,,,,,,,,,,,,,,,,,,,,,,,,,,,,,,,,,,
,,,,,,,,,,,,,,,,,,,,,,,,,,,,,,,,,,,,,,,,,,,,,,,,,,,,,,,,,,,
,,,,,,,,,,,,,,,,,,,,,,,,,,,,,,,,,,,,,,,,,,,,,,,,,,,,,,,,,,,
,,,,,,,,,,,,,,,,,,,,,,,,,,,,,,,,,,,,,,,,,,,,,,,,,,,,,,,,,,,
,,,,,,,,,,,,,,,,,,,,,,,,,,,,,,,,,,,,,,,,,,,,,,,,,,,,,,,,,,,
,,,,,,,,,,,,,,,,,,,,,,,,,,,,,,,,,,,,,,,,,,,,,,,,,,,,,,,,,,,
,,,,,,,,,,,,,,,,,,,,,,,,,,,,,,,,,,,,,,,,,,,,,,,,,,,,,,,,,,,
,,,,,,,,,,,,,,,,,,,,,,,,,,,,,,,,,,,,,,,,,,,,,,,,,,,,,,,,,,,
,,,,,,,,,,,,,,,,,,,,,,,,,,,,,,,,,,,,,,,,,,,,,,,,,,,,,,,,,,,
,,,,,,,,,,,,,,,,,,,,,,,,,,,,,,,,,,,,,,,,,,,,,,,,,,,,,,,,,,,
,,,,,,,,,,,,,,,,,,,,,,,,,,,,,,,,,,,,,,,,,,,,,,,,,,,,,,,,,,,
,,,,,,,,,,,,,,,,,,,,,,,,,,,,,,,,,,,,,,,,,,,,,,,,,,,,,,,,,,,
,,,,,,,,,,,,,,,,,,,,,,,,,,,,,,,,,,,,,,,,,,,,,,,,,,,,,,,,,,,
,,,,,,,,,,,,,,,,,,,,,,,,,,,,,,,,,,,,,,,,,,,,,,,,,,,,,,,,,,,
,,,,,,,,,,,,,,,,,,,,,,,,,,,,,,,,,,,,,,,,,,,,,,,,,,,,,,,,,,,
,,,,,,,,,,,,,,,,,,,,,,,,,,,,,,,,,,,,,,,,,,,,,,,,,,,,,,,,,,,
,,,,,,,,,,,,,,,,,,,,,,,,,,,,,,,,,,,,,,,,,,,,,,,,,,,,,,,,,,,
,,,,,,,,,,,,,,,,,,,,,,,,,,,,,,,,,,,,,,,,,,,,,,,,,,,,,,,,,,,
,,,,,,,,,,,,,,,,,,,,,,,,,,,,,,,,,,,,,,,,,,,,,,,,,,,,,,,,,,,
,,,,,,,,,,,,,,,,,,,,,,,,,,,,,,,,,,,,,,,,,,,,,,,,,,,,,,,,,,,
,,,,,,,,,,,,,,,,,,,,,,,,,,,,,,,,,,,,,,,,,,,,,,,,,,,,,,,,,,,
,,,,,,,,,,,,,,,,,,,,,,,,,,,,,,,,,,,,,,,,,,,,,,,,,,,,,,,,,,,
,,,,,,,,,,,,,,,,,,,,,,,,,,,,,,,,,,,,,,,,,,,,,,,,,,,,,,,,,,,
,,,,,,,,,,,,,,,,,,,,,,,,,,,,,,,,,,,,,,,,,,,,,,,,,,,,,,,,,,,
,,,,,,,,,,,,,,,,,,,,,,,,,,,,,,,,,,,,,,,,,,,,,,,,,,,,,,,,,,,
,,,,,,,,,,,,,,,,,,,,,,,,,,,,,,,,,,,,,,,,,,,,,,,,,,,,,,,,,,,
,,,,,,,,,,,,,,,,,,,,,,,,,,,,,,,,,,,,,,,,,,,,,,,,,,,,,,,,,,,
,,,,,,,,,,,,,,,,,,,,,,,,,,,,,,,,,,,,,,,,,,,,,,,,,,,,,,,,,,,
,,,,,,,,,,,,,,,,,,,,,,,,,,,,,,,,,,,,,,,,,,,,,,,,,,,,,,,,,,,
,,,,,,,,,,,,,,,,,,,,,,,,,,,,,,,,,,,,,,,,,,,,,,,,,,,,,,,,,,,
,,,,,,,,,,,,,,,,,,,,,,,,,,,,,,,,,,,,,,,,,,,,,,,,,,,,,,,,,,,
,,,,,,,,,,,,,,,,,,,,,,,,,,,,,,,,,,,,,,,,,,,,,,,,,,,,,,,,,,,
,,,,,,,,,,,,,,,,,,,,,,,,,,,,,,,,,,,,,,,,,,,,,,,,,,,,,,,,,,,
,,,,,,,,,,,,,,,,,,,,,,,,,,,,,,,,,,,,,,,,,,,,,,,,,,,,,,,,,,,
,,,,,,,,,,,,,,,,,,,,,,,,,,,,,,,,,,,,,,,,,,,,,,,,,,,,,,,,,,,
,,,,,,,,,,,,,,,,,,,,,,,,,,,,,,,,,,,,,,,,,,,,,,,,,,,,,,,,,,,
,,,,,,,,,,,,,,,,,,,,,,,,,,,,,,,,,,,,,,,,,,,,,,,,,,,,,,,,,,,
,,,,,,,,,,,,,,,,,,,,,,,,,,,,,,,,,,,,,,,,,,,,,,,,,,,,,,,,,,,
,,,,,,,,,,,,,,,,,,,,,,,,,,,,,,,,,,,,,,,,,,,,,,,,,,,,,,,,,,,
,,,,,,,,,,,,,,,,,,,,,,,,,,,,,,,,,,,,,,,,,,,,,,,,,,,,,,,,,,,
,,,,,,,,,,,,,,,,,,,,,,,,,,,,,,,,,,,,,,,,,,,,,,,,,,,,,,,,,,,
,,,,,,,,,,,,,,,,,,,,,,,,,,,,,,,,,,,,,,,,,,,,,,,,,,,,,,,,,,,
,,,,,,,,,,,,,,,,,,,,,,,,,,,,,,,,,,,,,,,,,,,,,,,,,,,,,,,,,,,
,,,,,,,,,,,,,,,,,,,,,,,,,,,,,,,,,,,,,,,,,,,,,,,,,,,,,,,,,,,
,,,,,,,,,,,,,,,,,,,,,,,,,,,,,,,,,,,,,,,,,,,,,,,,,,,,,,,,,,,
,,,,,,,,,,,,,,,,,,,,,,,,,,,,,,,,,,,,,,,,,,,,,,,,,,,,,,,,,,,
,,,,,,,,,,,,,,,,,,,,,,,,,,,,,,,,,,,,,,,,,,,,,,,,,,,,,,,,,,,
,,,,,,,,,,,,,,,,,,,,,,,,,,,,,,,,,,,,,,,,,,,,,,,,,,,,,,,,,,,
,,,,,,,,,,,,,,,,,,,,,,,,,,,,,,,,,,,,,,,,,,,,,,,,,,,,,,,,,,,
,,,,,,,,,,,,,,,,,,,,,,,,,,,,,,,,,,,,,,,,,,,,,,,,,,,,,,,,,,,
,,,,,,,,,,,,,,,,,,,,,,,,,,,,,,,,,,,,,,,,,,,,,,,,,,,,,,,,,,,
,,,,,,,,,,,,,,,,,,,,,,,,,,,,,,,,,,,,,,,,,,,,,,,,,,,,,,,,,,,
,,,,,,,,,,,,,,,,,,,,,,,,,,,,,,,,,,,,,,,,,,,,,,,,,,,,,,,,,,,
,,,,,,,,,,,,,,,,,,,,,,,,,,,,,,,,,,,,,,,,,,,,,,,,,,,,,,,,,,,
,,,,,,,,,,,,,,,,,,,,,,,,,,,,,,,,,,,,,,,,,,,,,,,,,,,,,,,,,,,
,,,,,,,,,,,,,,,,,,,,,,,,,,,,,,,,,,,,,,,,,,,,,,,,,,,,,,,,,,,
,,,,,,,,,,,,,,,,,,,,,,,,,,,,,,,,,,,,,,,,,,,,,,,,,,,,,,,,,,,
,,,,,,,,,,,,,,,,,,,,,,,,,,,,,,,,,,,,,,,,,,,,,,,,,,,,,,,,,,,
,,,,,,,,,,,,,,,,,,,,,,,,,,,,,,,,,,,,,,,,,,,,,,,,,,,,,,,,,,,
,,,,,,,,,,,,,,,,,,,,,,,,,,,,,,,,,,,,,,,,,,,,,,,,,,,,,,,,,,,
,,,,,,,,,,,,,,,,,,,,,,,,,,,,,,,,,,,,,,,,,,,,,,,,,,,,,,,,,,,
,,,,,,,,,,,,,,,,,,,,,,,,,,,,,,,,,,,,,,,,,,,,,,,,,,,,,,,,,,,
,,,,,,,,,,,,,,,,,,,,,,,,,,,,,,,,,,,,,,,,,,,,,,,,,,,,,,,,,,,
,,,,,,,,,,,,,,,,,,,,,,,,,,,,,,,,,,,,,,,,,,,,,,,,,,,,,,,,,,,
,,,,,,,,,,,,,,,,,,,,,,,,,,,,,,,,,,,,,,,,,,,,,,,,,,,,,,,,,,,
,,,,,,,,,,,,,,,,,,,,,,,,,,,,,,,,,,,,,,,,,,,,,,,,,,,,,,,,,,,
,,,,,,,,,,,,,,,,,,,,,,,,,,,,,,,,,,,,,,,,,,,,,,,,,,,,,,,,,,,
,,,,,,,,,,,,,,,,,,,,,,,,,,,,,,,,,,,,,,,,,,,,,,,,,,,,,,,,,,,
,,,,,,,,,,,,,,,,,,,,,,,,,,,,,,,,,,,,,,,,,,,,,,,,,,,,,,,,,,,
,,,,,,,,,,,,,,,,,,,,,,,,,,,,,,,,,,,,,,,,,,,,,,,,,,,,,,,,,,,
,,,,,,,,,,,,,,,,,,,,,,,,,,,,,,,,,,,,,,,,,,,,,,,,,,,,,,,,,,,
,,,,,,,,,,,,,,,,,,,,,,,,,,,,,,,,,,,,,,,,,,,,,,,,,,,,,,,,,,,
,,,,,,,,,,,,,,,,,,,,,,,,,,,,,,,,,,,,,,,,,,,,,,,,,,,,,,,,,,,
,,,,,,,,,,,,,,,,,,,,,,,,,,,,,,,,,,,,,,,,,,,,,,,,,,,,,,,,,,,
,,,,,,,,,,,,,,,,,,,,,,,,,,,,,,,,,,,,,,,,,,,,,,,,,,,,,,,,,,,
,,,,,,,,,,,,,,,,,,,,,,,,,,,,,,,,,,,,,,,,,,,,,,,,,,,,,,,,,,,
,,,,,,,,,,,,,,,,,,,,,,,,,,,,,,,,,,,,,,,,,,,,,,,,,,,,,,,,,,,
,,,,,,,,,,,,,,,,,,,,,,,,,,,,,,,,,,,,,,,,,,,,,,,,,,,,,,,,,,,
,,,,,,,,,,,,,,,,,,,,,,,,,,,,,,,,,,,,,,,,,,,,,,,,,,,,,,,,,,,
,,,,,,,,,,,,,,,,,,,,,,,,,,,,,,,,,,,,,,,,,,,,,,,,,,,,,,,,,,,
,,,,,,,,,,,,,,,,,,,,,,,,,,,,,,,,,,,,,,,,,,,,,,,,,,,,,,,,,,,
,,,,,,,,,,,,,,,,,,,,,,,,,,,,,,,,,,,,,,,,,,,,,,,,,,,,,,,,,,,
,,,,,,,,,,,,,,,,,,,,,,,,,,,,,,,,,,,,,,,,,,,,,,,,,,,,,,,,,,,
,,,,,,,,,,,,,,,,,,,,,,,,,,,,,,,,,,,,,,,,,,,,,,,,,,,,,,,,,,,
,,,,,,,,,,,,,,,,,,,,,,,,,,,,,,,,,,,,,,,,,,,,,,,,,,,,,,,,,,,
,,,,,,,,,,,,,,,,,,,,,,,,,,,,,,,,,,,,,,,,,,,,,,,,,,,,,,,,,,,
,,,,,,,,,,,,,,,,,,,,,,,,,,,,,,,,,,,,,,,,,,,,,,,,,,,,,,,,,,,
,,,,,,,,,,,,,,,,,,,,,,,,,,,,,,,,,,,,,,,,,,,,,,,,,,,,,,,,,,,
,,,,,,,,,,,,,,,,,,,,,,,,,,,,,,,,,,,,,,,,,,,,,,,,,,,,,,,,,,,
,,,,,,,,,,,,,,,,,,,,,,,,,,,,,,,,,,,,,,,,,,,,,,,,,,,,,,,,,,,
,,,,,,,,,,,,,,,,,,,,,,,,,,,,,,,,,,,,,,,,,,,,,,,,,,,,,,,,,,,
,,,,,,,,,,,,,,,,,,,,,,,,,,,,,,,,,,,,,,,,,,,,,,,,,,,,,,,,,,,
,,,,,,,,,,,,,,,,,,,,,,,,,,,,,,,,,,,,,,,,,,,,,,,,,,,,,,,,,,,
,,,,,,,,,,,,,,,,,,,,,,,,,,,,,,,,,,,,,,,,,,,,,,,,,,,,,,,,,,,
,,,,,,,,,,,,,,,,,,,,,,,,,,,,,,,,,,,,,,,,,,,,,,,,,,,,,,,,,,,
,,,,,,,,,,,,,,,,,,,,,,,,,,,,,,,,,,,,,,,,,,,,,,,,,,,,,,,,,,,
,,,,,,,,,,,,,,,,,,,,,,,,,,,,,,,,,,,,,,,,,,,,,,,,,,,,,,,,,,,
,,,,,,,,,,,,,,,,,,,,,,,,,,,,,,,,,,,,,,,,,,,,,,,,,,,,,,,,,,,
,,,,,,,,,,,,,,,,,,,,,,,,,,,,,,,,,,,,,,,,,,,,,,,,,,,,,,,,,,,
,,,,,,,,,,,,,,,,,,,,,,,,,,,,,,,,,,,,,,,,,,,,,,,,,,,,,,,,,,,
,,,,,,,,,,,,,,,,,,,,,,,,,,,,,,,,,,,,,,,,,,,,,,,,,,,,,,,,,,,
,,,,,,,,,,,,,,,,,,,,,,,,,,,,,,,,,,,,,,,,,,,,,,,,,,,,,,,,,,,
,,,,,,,,,,,,,,,,,,,,,,,,,,,,,,,,,,,,,,,,,,,,,,,,,,,,,,,,,,,
,,,,,,,,,,,,,,,,,,,,,,,,,,,,,,,,,,,,,,,,,,,,,,,,,,,,,,,,,,,
,,,,,,,,,,,,,,,,,,,,,,,,,,,,,,,,,,,,,,,,,,,,,,,,,,,,,,,,,,,
,,,,,,,,,,,,,,,,,,,,,,,,,,,,,,,,,,,,,,,,,,,,,,,,,,,,,,,,,,,
,,,,,,,,,,,,,,,,,,,,,,,,,,,,,,,,,,,,,,,,,,,,,,,,,,,,,,,,,,,
,,,,,,,,,,,,,,,,,,,,,,,,,,,,,,,,,,,,,,,,,,,,,,,,,,,,,,,,,,,
,,,,,,,,,,,,,,,,,,,,,,,,,,,,,,,,,,,,,,,,,,,,,,,,,,,,,,,,,,,
,,,,,,,,,,,,,,,,,,,,,,,,,,,,,,,,,,,,,,,,,,,,,,,,,,,,,,,,,,,
,,,,,,,,,,,,,,,,,,,,,,,,,,,,,,,,,,,,,,,,,,,,,,,,,,,,,,,,,,,
,,,,,,,,,,,,,,,,,,,,,,,,,,,,,,,,,,,,,,,,,,,,,,,,,,,,,,,,,,,
,,,,,,,,,,,,,,,,,,,,,,,,,,,,,,,,,,,,,,,,,,,,,,,,,,,,,,,,,,,
,,,,,,,,,,,,,,,,,,,,,,,,,,,,,,,,,,,,,,,,,,,,,,,,,,,,,,,,,,,
,,,,,,,,,,,,,,,,,,,,,,,,,,,,,,,,,,,,,,,,,,,,,,,,,,,,,,,,,,,
,,,,,,,,,,,,,,,,,,,,,,,,,,,,,,,,,,,,,,,,,,,,,,,,,,,,,,,,,,,
,,,,,,,,,,,,,,,,,,,,,,,,,,,,,,,,,,,,,,,,,,,,,,,,,,,,,,,,,,,
,,,,,,,,,,,,,,,,,,,,,,,,,,,,,,,,,,,,,,,,,,,,,,,,,,,,,,,,,,,
,,,,,,,,,,,,,,,,,,,,,,,,,,,,,,,,,,,,,,,,,,,,,,,,,,,,,,,,,,,
,,,,,,,,,,,,,,,,,,,,,,,,,,,,,,,,,,,,,,,,,,,,,,,,,,,,,,,,,,,
,,,,,,,,,,,,,,,,,,,,,,,,,,,,,,,,,,,,,,,,,,,,,,,,,,,,,,,,,,,
,,,,,,,,,,,,,,,,,,,,,,,,,,,,,,,,,,,,,,,,,,,,,,,,,,,,,,,,,,,
,,,,,,,,,,,,,,,,,,,,,,,,,,,,,,,,,,,,,,,,,,,,,,,,,,,,,,,,,,,
,,,,,,,,,,,,,,,,,,,,,,,,,,,,,,,,,,,,,,,,,,,,,,,,,,,,,,,,,,,
,,,,,,,,,,,,,,,,,,,,,,,,,,,,,,,,,,,,,,,,,,,,,,,,,,,,,,,,,,,
,,,,,,,,,,,,,,,,,,,,,,,,,,,,,,,,,,,,,,,,,,,,,,,,,,,,,,,,,,,
,,,,,,,,,,,,,,,,,,,,,,,,,,,,,,,,,,,,,,,,,,,,,,,,,,,,,,,,,,,
,,,,,,,,,,,,,,,,,,,,,,,,,,,,,,,,,,,,,,,,,,,,,,,,,,,,,,,,,,,
,,,,,,,,,,,,,,,,,,,,,,,,,,,,,,,,,,,,,,,,,,,,,,,,,,,,,,,,,,,
,,,,,,,,,,,,,,,,,,,,,,,,,,,,,,,,,,,,,,,,,,,,,,,,,,,,,,,,,,,
,,,,,,,,,,,,,,,,,,,,,,,,,,,,,,,,,,,,,,,,,,,,,,,,,,,,,,,,,,,
,,,,,,,,,,,,,,,,,,,,,,,,,,,,,,,,,,,,,,,,,,,,,,,,,,,,,,,,,,,
,,,,,,,,,,,,,,,,,,,,,,,,,,,,,,,,,,,,,,,,,,,,,,,,,,,,,,,,,,,
,,,,,,,,,,,,,,,,,,,,,,,,,,,,,,,,,,,,,,,,,,,,,,,,,,,,,,,,,,,
,,,,,,,,,,,,,,,,,,,,,,,,,,,,,,,,,,,,,,,,,,,,,,,,,,,,,,,,,,,
,,,,,,,,,,,,,,,,,,,,,,,,,,,,,,,,,,,,,,,,,,,,,,,,,,,,,,,,,,,
,,,,,,,,,,,,,,,,,,,,,,,,,,,,,,,,,,,,,,,,,,,,,,,,,,,,,,,,,,,
,,,,,,,,,,,,,,,,,,,,,,,,,,,,,,,,,,,,,,,,,,,,,,,,,,,,,,,,,,,
,,,,,,,,,,,,,,,,,,,,,,,,,,,,,,,,,,,,,,,,,,,,,,,,,,,,,,,,,,,
,,,,,,,,,,,,,,,,,,,,,,,,,,,,,,,,,,,,,,,,,,,,,,,,,,,,,,,,,,,
,,,,,,,,,,,,,,,,,,,,,,,,,,,,,,,,,,,,,,,,,,,,,,,,,,,,,,,,,,,
,,,,,,,,,,,,,,,,,,,,,,,,,,,,,,,,,,,,,,,,,,,,,,,,,,,,,,,,,,,
,,,,,,,,,,,,,,,,,,,,,,,,,,,,,,,,,,,,,,,,,,,,,,,,,,,,,,,,,,,
,,,,,,,,,,,,,,,,,,,,,,,,,,,,,,,,,,,,,,,,,,,,,,,,,,,,,,,,,,,
,,,,,,,,,,,,,,,,,,,,,,,,,,,,,,,,,,,,,,,,,,,,,,,,,,,,,,,,,,,
,,,,,,,,,,,,,,,,,,,,,,,,,,,,,,,,,,,,,,,,,,,,,,,,,,,,,,,,,,,
,,,,,,,,,,,,,,,,,,,,,,,,,,,,,,,,,,,,,,,,,,,,,,,,,,,,,,,,,,,
,,,,,,,,,,,,,,,,,,,,,,,,,,,,,,,,,,,,,,,,,,,,,,,,,,,,,,,,,,,
,,,,,,,,,,,,,,,,,,,,,,,,,,,,,,,,,,,,,,,,,,,,,,,,,,,,,,,,,,,
,,,,,,,,,,,,,,,,,,,,,,,,,,,,,,,,,,,,,,,,,,,,,,,,,,,,,,,,,,,
,,,,,,,,,,,,,,,,,,,,,,,,,,,,,,,,,,,,,,,,,,,,,,,,,,,,,,,,,,,
,,,,,,,,,,,,,,,,,,,,,,,,,,,,,,,,,,,,,,,,,,,,,,,,,,,,,,,,,,,
,,,,,,,,,,,,,,,,,,,,,,,,,,,,,,,,,,,,,,,,,,,,,,,,,,,,,,,,,,,
,,,,,,,,,,,,,,,,,,,,,,,,,,,,,,,,,,,,,,,,,,,,,,,,,,,,,,,,,,,
,,,,,,,,,,,,,,,,,,,,,,,,,,,,,,,,,,,,,,,,,,,,,,,,,,,,,,,,,,,
,,,,,,,,,,,,,,,,,,,,,,,,,,,,,,,,,,,,,,,,,,,,,,,,,,,,,,,,,,,
,,,,,,,,,,,,,,,,,,,,,,,,,,,,,,,,,,,,,,,,,,,,,,,,,,,,,,,,,,,
,,,,,,,,,,,,,,,,,,,,,,,,,,,,,,,,,,,,,,,,,,,,,,,,,,,,,,,,,,,
,,,,,,,,,,,,,,,,,,,,,,,,,,,,,,,,,,,,,,,,,,,,,,,,,,,,,,,,,,,
,,,,,,,,,,,,,,,,,,,,,,,,,,,,,,,,,,,,,,,,,,,,,,,,,,,,,,,,,,,
,,,,,,,,,,,,,,,,,,,,,,,,,,,,,,,,,,,,,,,,,,,,,,,,,,,,,,,,,,,
,,,,,,,,,,,,,,,,,,,,,,,,,,,,,,,,,,,,,,,,,,,,,,,,,,,,,,,,,,,
,,,,,,,,,,,,,,,,,,,,,,,,,,,,,,,,,,,,,,,,,,,,,,,,,,,,,,,,,,,
,,,,,,,,,,,,,,,,,,,,,,,,,,,,,,,,,,,,,,,,,,,,,,,,,,,,,,,,,,,
,,,,,,,,,,,,,,,,,,,,,,,,,,,,,,,,,,,,,,,,,,,,,,,,,,,,,,,,,,,
,,,,,,,,,,,,,,,,,,,,,,,,,,,,,,,,,,,,,,,,,,,,,,,,,,,,,,,,,,,
,,,,,,,,,,,,,,,,,,,,,,,,,,,,,,,,,,,,,,,,,,,,,,,,,,,,,,,,,,,
,,,,,,,,,,,,,,,,,,,,,,,,,,,,,,,,,,,,,,,,,,,,,,,,,,,,,,,,,,,
,,,,,,,,,,,,,,,,,,,,,,,,,,,,,,,,,,,,,,,,,,,,,,,,,,,,,,,,,,,
,,,,,,,,,,,,,,,,,,,,,,,,,,,,,,,,,,,,,,,,,,,,,,,,,,,,,,,,,,,
,,,,,,,,,,,,,,,,,,,,,,,,,,,,,,,,,,,,,,,,,,,,,,,,,,,,,,,,,,,
,,,,,,,,,,,,,,,,,,,,,,,,,,,,,,,,,,,,,,,,,,,,,,,,,,,,,,,,,,,
,,,,,,,,,,,,,,,,,,,,,,,,,,,,,,,,,,,,,,,,,,,,,,,,,,,,,,,,,,,
,,,,,,,,,,,,,,,,,,,,,,,,,,,,,,,,,,,,,,,,,,,,,,,,,,,,,,,,,,,
,,,,,,,,,,,,,,,,,,,,,,,,,,,,,,,,,,,,,,,,,,,,,,,,,,,,,,,,,,,
,,,,,,,,,,,,,,,,,,,,,,,,,,,,,,,,,,,,,,,,,,,,,,,,,,,,,,,,,,,
,,,,,,,,,,,,,,,,,,,,,,,,,,,,,,,,,,,,,,,,,,,,,,,,,,,,,,,,,,,
,,,,,,,,,,,,,,,,,,,,,,,,,,,,,,,,,,,,,,,,,,,,,,,,,,,,,,,,,,,
,,,,,,,,,,,,,,,,,,,,,,,,,,,,,,,,,,,,,,,,,,,,,,,,,,,,,,,,,,,
,,,,,,,,,,,,,,,,,,,,,,,,,,,,,,,,,,,,,,,,,,,,,,,,,,,,,,,,,,,
,,,,,,,,,,,,,,,,,,,,,,,,,,,,,,,,,,,,,,,,,,,,,,,,,,,,,,,,,,,
,,,,,,,,,,,,,,,,,,,,,,,,,,,,,,,,,,,,,,,,,,,,,,,,,,,,,,,,,,,
,,,,,,,,,,,,,,,,,,,,,,,,,,,,,,,,,,,,,,,,,,,,,,,,,,,,,,,,,,,
,,,,,,,,,,,,,,,,,,,,,,,,,,,,,,,,,,,,,,,,,,,,,,,,,,,,,,,,,,,
,,,,,,,,,,,,,,,,,,,,,,,,,,,,,,,,,,,,,,,,,,,,,,,,,,,,,,,,,,,
,,,,,,,,,,,,,,,,,,,,,,,,,,,,,,,,,,,,,,,,,,,,,,,,,,,,,,,,,,,
,,,,,,,,,,,,,,,,,,,,,,,,,,,,,,,,,,,,,,,,,,,,,,,,,,,,,,,,,,,
,,,,,,,,,,,,,,,,,,,,,,,,,,,,,,,,,,,,,,,,,,,,,,,,,,,,,,,,,,,
,,,,,,,,,,,,,,,,,,,,,,,,,,,,,,,,,,,,,,,,,,,,,,,,,,,,,,,,,,,
,,,,,,,,,,,,,,,,,,,,,,,,,,,,,,,,,,,,,,,,,,,,,,,,,,,,,,,,,,,
